0.000000000000000000e+00
0.000000000000000000e+00
0.000000000000000000e+00
2.857142857142857140e-03
2.857142857142857140e-03
5.714285714285714281e-03
5.714285714285714281e-03
8.571428571428571855e-03
8.571428571428571855e-03
1.142857142857142856e-02
1.142857142857142856e-02
1.428571428571428527e-02
1.428571428571428527e-02
1.714285714285714371e-02
1.714285714285714371e-02
2.000000000000000042e-02
2.000000000000000042e-02
2.571428571428571383e-02
2.571428571428571383e-02
3.142857142857143071e-02
3.142857142857143071e-02
3.428571428571428742e-02
3.428571428571428742e-02
3.714285714285714413e-02
3.714285714285714413e-02
4.000000000000000083e-02
4.000000000000000083e-02
4.285714285714285754e-02
4.285714285714285754e-02
4.571428571428571425e-02
4.571428571428571425e-02
4.857142857142857095e-02
4.857142857142857095e-02
5.714285714285714107e-02
5.714285714285714107e-02
5.999999999999999778e-02
5.999999999999999778e-02
6.285714285714286143e-02
6.285714285714286143e-02
6.571428571428571119e-02
6.571428571428571119e-02
6.857142857142857484e-02
6.857142857142857484e-02
7.142857142857142461e-02
7.142857142857142461e-02
7.428571428571428825e-02
7.428571428571428825e-02
7.714285714285713802e-02
7.714285714285713802e-02
8.285714285714285143e-02
8.285714285714285143e-02
8.571428571428571508e-02
8.571428571428571508e-02
8.857142857142856485e-02
8.857142857142856485e-02
9.142857142857142849e-02
9.142857142857142849e-02
9.428571428571429214e-02
9.428571428571429214e-02
9.714285714285714191e-02
9.714285714285714191e-02
1.000000000000000056e-01
1.000000000000000056e-01
1.057142857142857190e-01
1.057142857142857190e-01
1.085714285714285687e-01
1.085714285714285687e-01
1.171428571428571458e-01
1.171428571428571458e-01
1.199999999999999956e-01
1.199999999999999956e-01
1.257142857142857229e-01
1.257142857142857229e-01
1.285714285714285587e-01
1.285714285714285587e-01
1.314285714285714224e-01
1.314285714285714224e-01
1.371428571428571497e-01
1.371428571428571497e-01
1.400000000000000133e-01
1.400000000000000133e-01
1.457142857142857129e-01
1.457142857142857129e-01
1.485714285714285765e-01
1.485714285714285765e-01
1.514285714285714401e-01
1.514285714285714401e-01
1.542857142857142760e-01
1.542857142857142760e-01
1.571428571428571397e-01
1.571428571428571397e-01
1.600000000000000033e-01
1.600000000000000033e-01
1.628571428571428670e-01
1.628571428571428670e-01
1.685714285714285665e-01
1.685714285714285665e-01
1.714285714285714302e-01
1.714285714285714302e-01
1.771428571428571297e-01
1.771428571428571297e-01
1.799999999999999933e-01
1.799999999999999933e-01
1.828571428571428570e-01
1.828571428571428570e-01
1.857142857142857206e-01
1.857142857142857206e-01
1.914285714285714202e-01
1.914285714285714202e-01
2.000000000000000111e-01
2.000000000000000111e-01
2.085714285714285743e-01
2.085714285714285743e-01
2.171428571428571375e-01
2.171428571428571375e-01
2.200000000000000011e-01
2.200000000000000011e-01
2.228571428571428648e-01
2.228571428571428648e-01
2.257142857142857006e-01
2.257142857142857006e-01
2.314285714285714279e-01
2.314285714285714279e-01
2.399999999999999911e-01
2.399999999999999911e-01
2.457142857142857184e-01
2.457142857142857184e-01
2.485714285714285821e-01
2.485714285714285821e-01
2.514285714285714457e-01
2.514285714285714457e-01
2.542857142857142816e-01
2.542857142857142816e-01
2.571428571428571175e-01
2.571428571428571175e-01
2.600000000000000089e-01
2.600000000000000089e-01
2.628571428571428448e-01
2.628571428571428448e-01
2.657142857142857362e-01
2.657142857142857362e-01
2.714285714285714080e-01
2.714285714285714080e-01
2.800000000000000266e-01
2.800000000000000266e-01
2.828571428571428625e-01
2.828571428571428625e-01
2.999999999999999889e-01
2.999999999999999889e-01
3.057142857142857162e-01
3.057142857142857162e-01
3.142857142857142794e-01
3.142857142857142794e-01
3.171428571428571153e-01
3.171428571428571153e-01
3.285714285714285698e-01
3.285714285714285698e-01
3.314285714285714057e-01
3.314285714285714057e-01
3.342857142857142971e-01
3.342857142857142971e-01
3.371428571428571330e-01
3.371428571428571330e-01
3.428571428571428603e-01
3.428571428571428603e-01
3.457142857142856962e-01
3.457142857142856962e-01
3.514285714285714235e-01
3.514285714285714235e-01
3.571428571428571508e-01
3.571428571428571508e-01
3.628571428571428781e-01
3.628571428571428781e-01
3.742857142857142771e-01
3.742857142857142771e-01
3.857142857142857317e-01
3.857142857142857317e-01
3.885714285714285676e-01
3.885714285714285676e-01
3.971428571428571308e-01
3.971428571428571308e-01
4.000000000000000222e-01
4.000000000000000222e-01
4.028571428571428581e-01
4.028571428571428581e-01
4.057142857142856940e-01
4.057142857142856940e-01
4.085714285714285854e-01
4.085714285714285854e-01
4.171428571428571486e-01
4.171428571428571486e-01
4.228571428571428759e-01
4.228571428571428759e-01
4.314285714285714390e-01
4.314285714285714390e-01
4.514285714285714013e-01
4.514285714285714013e-01
4.571428571428571286e-01
4.571428571428571286e-01
4.685714285714285832e-01
4.685714285714285832e-01
5.057142857142856718e-01
5.057142857142856718e-01
5.085714285714285632e-01
5.085714285714285632e-01
5.257142857142856895e-01
5.257142857142856895e-01
5.428571428571428159e-01
5.428571428571428159e-01
5.457142857142857073e-01
5.457142857142857073e-01
5.485714285714285987e-01
5.485714285714285987e-01
5.742857142857142883e-01
5.742857142857142883e-01
5.971428571428571974e-01
5.971428571428571974e-01
5.999999999999999778e-01
5.999999999999999778e-01
6.057142857142857606e-01
6.057142857142857606e-01
6.400000000000000133e-01
6.400000000000000133e-01
6.742857142857142660e-01
6.742857142857142660e-01
7.171428571428571930e-01
7.171428571428571930e-01
7.199999999999999734e-01
7.199999999999999734e-01
7.628571428571429003e-01
7.628571428571429003e-01
7.657142857142856807e-01
7.657142857142856807e-01
7.857142857142856984e-01
7.857142857142856984e-01
7.971428571428571530e-01
7.971428571428571530e-01
8.000000000000000444e-01
8.000000000000000444e-01
8.885714285714285676e-01
8.885714285714285676e-01
1.000000000000000000e+00
