0.000000000000000000e+00
2.857142857142857140e-03
2.571428571428571383e-02
2.571428571428571383e-02
6.571428571428571119e-02
6.571428571428571119e-02
1.171428571428571458e-01
1.171428571428571458e-01
1.285714285714285587e-01
1.285714285714285587e-01
1.428571428571428492e-01
1.428571428571428492e-01
1.799999999999999933e-01
1.799999999999999933e-01
1.971428571428571475e-01
1.971428571428571475e-01
2.000000000000000111e-01
2.000000000000000111e-01
2.200000000000000011e-01
2.200000000000000011e-01
2.228571428571428648e-01
2.228571428571428648e-01
2.457142857142857184e-01
2.457142857142857184e-01
2.514285714285714457e-01
2.514285714285714457e-01
2.542857142857142816e-01
2.542857142857142816e-01
2.657142857142857362e-01
2.657142857142857362e-01
2.800000000000000266e-01
2.800000000000000266e-01
2.857142857142856984e-01
2.857142857142856984e-01
3.114285714285714435e-01
3.114285714285714435e-01
3.171428571428571153e-01
3.171428571428571153e-01
3.342857142857142971e-01
3.342857142857142971e-01
3.371428571428571330e-01
3.371428571428571330e-01
3.400000000000000244e-01
3.400000000000000244e-01
3.542857142857142594e-01
3.542857142857142594e-01
3.800000000000000044e-01
3.800000000000000044e-01
3.828571428571428403e-01
3.828571428571428403e-01
3.885714285714285676e-01
3.885714285714285676e-01
3.914285714285714035e-01
3.914285714285714035e-01
4.000000000000000222e-01
4.000000000000000222e-01
4.114285714285714213e-01
4.114285714285714213e-01
4.171428571428571486e-01
4.171428571428571486e-01
4.228571428571428759e-01
4.228571428571428759e-01
4.285714285714285476e-01
4.285714285714285476e-01
4.314285714285714390e-01
4.314285714285714390e-01
4.371428571428571663e-01
4.371428571428571663e-01
4.542857142857142927e-01
4.542857142857142927e-01
4.714285714285714191e-01
4.714285714285714191e-01
4.828571428571428736e-01
4.828571428571428736e-01
4.914285714285714368e-01
4.914285714285714368e-01
4.971428571428571641e-01
4.971428571428571641e-01
5.114285714285714546e-01
5.114285714285714546e-01
5.171428571428571264e-01
5.171428571428571264e-01
5.428571428571428159e-01
5.428571428571428159e-01
5.485714285714285987e-01
5.485714285714285987e-01
5.571428571428571619e-01
5.571428571428571619e-01
5.600000000000000533e-01
5.600000000000000533e-01
5.685714285714286165e-01
5.685714285714286165e-01
5.885714285714285232e-01
5.885714285714285232e-01
5.914285714285714146e-01
5.914285714285714146e-01
6.114285714285714324e-01
6.114285714285714324e-01
6.314285714285714501e-01
6.314285714285714501e-01
6.342857142857142305e-01
6.342857142857142305e-01
6.428571428571429047e-01
6.428571428571429047e-01
6.457142857142856851e-01
6.457142857142856851e-01
6.485714285714285765e-01
6.485714285714285765e-01
6.600000000000000311e-01
6.600000000000000311e-01
6.657142857142857029e-01
6.657142857142857029e-01
6.685714285714285943e-01
6.685714285714285943e-01
6.714285714285713746e-01
6.714285714285713746e-01
6.742857142857142660e-01
6.742857142857142660e-01
6.885714285714286120e-01
6.885714285714286120e-01
6.971428571428571752e-01
6.971428571428571752e-01
7.057142857142857384e-01
7.057142857142857384e-01
7.114285714285714102e-01
7.114285714285714102e-01
7.142857142857143016e-01
7.142857142857143016e-01
7.199999999999999734e-01
7.199999999999999734e-01
7.257142857142857562e-01
7.257142857142857562e-01
7.428571428571428825e-01
7.428571428571428825e-01
7.457142857142856629e-01
7.457142857142856629e-01
7.542857142857143371e-01
7.542857142857143371e-01
7.600000000000000089e-01
7.600000000000000089e-01
7.685714285714285721e-01
7.685714285714285721e-01
7.742857142857142438e-01
7.742857142857142438e-01
7.800000000000000266e-01
7.800000000000000266e-01
7.828571428571428070e-01
7.828571428571428070e-01
7.942857142857142616e-01
7.942857142857142616e-01
8.000000000000000444e-01
8.000000000000000444e-01
8.057142857142857162e-01
8.057142857142857162e-01
8.142857142857142794e-01
8.142857142857142794e-01
8.171428571428571708e-01
8.171428571428571708e-01
8.199999999999999512e-01
8.199999999999999512e-01
8.228571428571428426e-01
8.228571428571428426e-01
8.285714285714286254e-01
8.285714285714286254e-01
8.342857142857142971e-01
8.342857142857142971e-01
8.457142857142857517e-01
8.457142857142857517e-01
8.485714285714285321e-01
8.485714285714285321e-01
8.514285714285714235e-01
8.514285714285714235e-01
8.542857142857143149e-01
8.542857142857143149e-01
8.685714285714285499e-01
8.685714285714285499e-01
8.714285714285714413e-01
8.714285714285714413e-01
8.771428571428571130e-01
8.771428571428571130e-01
8.828571428571428958e-01
8.828571428571428958e-01
8.857142857142856762e-01
8.857142857142856762e-01
9.085714285714285854e-01
9.085714285714285854e-01
9.114285714285714768e-01
9.114285714285714768e-01
9.142857142857142572e-01
9.142857142857142572e-01
9.171428571428571486e-01
9.171428571428571486e-01
9.200000000000000400e-01
9.200000000000000400e-01
9.228571428571428203e-01
9.228571428571428203e-01
9.257142857142857117e-01
9.257142857142857117e-01
9.285714285714286031e-01
9.285714285714286031e-01
9.342857142857142749e-01
9.342857142857142749e-01
9.428571428571428381e-01
9.428571428571428381e-01
9.485714285714286209e-01
9.485714285714286209e-01
9.514285714285714013e-01
9.514285714285714013e-01
9.542857142857142927e-01
9.542857142857142927e-01
9.571428571428571841e-01
9.571428571428571841e-01
9.599999999999999645e-01
9.599999999999999645e-01
9.628571428571428559e-01
9.628571428571428559e-01
9.657142857142857473e-01
9.657142857142857473e-01
9.685714285714285277e-01
9.685714285714285277e-01
9.714285714285714191e-01
9.714285714285714191e-01
9.742857142857143105e-01
9.742857142857143105e-01
9.771428571428570908e-01
9.771428571428570908e-01
9.799999999999999822e-01
9.799999999999999822e-01
9.828571428571428736e-01
9.828571428571428736e-01
9.857142857142857650e-01
9.857142857142857650e-01
9.885714285714285454e-01
9.885714285714285454e-01
9.914285714285714368e-01
9.914285714285714368e-01
9.942857142857143282e-01
9.942857142857143282e-01
9.971428571428571086e-01
9.971428571428571086e-01
1.000000000000000000e+00
1.000000000000000000e+00
