5.000000000000000000e-01
5.007153075822603494e-01
5.014326647564469885e-01
5.021520803443328962e-01
5.028735632183908288e-01
5.035971223021582510e-01
5.043227665706051521e-01
5.050505050505050830e-01
5.057803468208093012e-01
5.065123010130245795e-01
5.072463768115942351e-01
5.079825834542815999e-01
5.087209302325581550e-01
5.094614264919942181e-01
5.102040816326530726e-01
5.109489051094890932e-01
5.116959064327485374e-01
5.124450951683747757e-01
5.131964809384164106e-01
5.139500734214390576e-01
5.147058823529411242e-01
5.154639175257731409e-01
5.162241887905604232e-01
5.169867060561299521e-01
5.177514792899408080e-01
5.185185185185184897e-01
5.192878338278932304e-01
5.200594353640416445e-01
5.208333333333333703e-01
5.216095380029805995e-01
5.223880597014924909e-01
5.231689088191330272e-01
5.239520958083832003e-01
5.247376311844077490e-01
5.255255255255255609e-01
5.263157894736841813e-01
5.271084337349397630e-01
5.279034690799396801e-01
5.287009063444109147e-01
5.295007564296519975e-01
5.287878787878788067e-01
5.295902883156297092e-01
5.303951367781154502e-01
5.312024353120243791e-01
5.320121951219511924e-01
5.328244274809160741e-01
5.336391437308868335e-01
5.344563552833078157e-01
5.352760736196319202e-01
5.360983102918587262e-01
5.369230769230769473e-01
5.377503852080123270e-01
5.385802469135801962e-01
5.394126738794435827e-01
5.402476780185758720e-01
5.410852713178294637e-01
5.419254658385093126e-01
5.427682737169517990e-01
5.436137071651090391e-01
5.444617784711388575e-01
5.453124999999999778e-01
5.461658841940532083e-01
5.470219435736677349e-01
5.478806907378336311e-01
5.487421383647799189e-01
5.496062992125984037e-01
5.504731861198738363e-01
5.513428120063190718e-01
5.522151898734176667e-01
5.530903328050713608e-01
5.539682539682539986e-01
5.548489666136724452e-01
5.541401273885350198e-01
5.550239234449760861e-01
5.543130990415335857e-01
5.552000000000000268e-01
5.560897435897436125e-01
5.569823434991973965e-01
5.578778135048231279e-01
5.571658615136876325e-01
5.580645161290322953e-01
5.589660743134087229e-01
5.598705501618123082e-01
5.607779578606159054e-01
5.616883116883116811e-01
5.626016260162601812e-01
5.635179153094462823e-01
5.628058727569331676e-01
5.637254901960784270e-01
5.630114566284779576e-01
5.639344262295081789e-01
5.648604269293924229e-01
5.657894736842105088e-01
5.667215815485996400e-01
5.676567656765676428e-01
5.685950413223140876e-01
5.695364238410596247e-01
5.704809286898838705e-01
5.714285714285713969e-01
5.723793677204659369e-01
5.733333333333333615e-01
5.742904841402337590e-01
5.752508361204012877e-01
5.762144053601340188e-01
5.771812080536913303e-01
5.764705882352940680e-01
5.774410774410774216e-01
5.767284991568296659e-01
5.777027027027027417e-01
5.786802030456852375e-01
5.796610169491525077e-01
5.806451612903226200e-01
5.816326530612244694e-01
5.826235093696763290e-01
5.836177474402730603e-01
5.846153846153846478e-01
5.856164383561643927e-01
5.866209262435677640e-01
5.876288659793814650e-01
5.886402753872633786e-01
5.896551724137930606e-01
5.906735751295336678e-01
5.916955017301037678e-01
5.909878682842287789e-01
5.920138888888888395e-01
5.930434782608695610e-01
5.940766550522648126e-01
5.951134380453751982e-01
5.961538461538461453e-01
5.971978984238178745e-01
5.982456140350876916e-01
5.992970123022847151e-01
6.003521126760563709e-01
6.014109347442680997e-01
6.024734982332154987e-01
6.035398230088495630e-01
6.028368794326240954e-01
6.039076376554174397e-01
6.049822064056940008e-01
6.060606060606060774e-01
6.071428571428570953e-01
6.082289803220035651e-01
6.093189964157705862e-01
6.104129263913824488e-01
6.115107913669064477e-01
6.126126126126125726e-01
6.137184115523465211e-01
6.148282097649185873e-01
6.159420289855072062e-01
6.152450090744101541e-01
6.163636363636363358e-01
6.174863387978142271e-01
6.167883211678831801e-01
6.179159049360146705e-01
6.172161172161172438e-01
6.183486238532109880e-01
6.194852941176470784e-01
6.206261510128913139e-01
6.217712177121771377e-01
6.229205175600739386e-01
6.240740740740741144e-01
6.252319109461966784e-01
6.263940520446096283e-01
6.256983240223463749e-01
6.268656716417910779e-01
6.280373831775700744e-01
6.292134831460673983e-01
6.303939962476547976e-01
6.315789473684210176e-01
6.327683615819209573e-01
6.339622641509433665e-01
6.351606805293005253e-01
6.363636363636363535e-01
6.356736242884249988e-01
6.368821292775664888e-01
6.361904761904761951e-01
6.374045801526717625e-01
6.367112810707457049e-01
6.379310344827586743e-01
6.391554702495201301e-01
6.403846153846153300e-01
6.416184971098265466e-01
6.428571428571429047e-01
6.441005802707930883e-01
6.434108527131783273e-01
6.446601941747572839e-01
6.459143968871595698e-01
6.471734892787524007e-01
6.484375000000000000e-01
6.497064579256359718e-01
6.509803921568627638e-01
6.502946954813360048e-01
6.496062992125983815e-01
6.508875739644970349e-01
6.501976284584980448e-01
6.495049504950495267e-01
6.488095238095238360e-01
6.500994035785288006e-01
6.513944223107569487e-01
6.526946107784431517e-01
6.540000000000000258e-01
6.553106212424849586e-01
6.566265060240963347e-01
6.579476861167001811e-01
6.592741935483871218e-01
6.606060606060606410e-01
6.619433198380566541e-01
6.632860040567951643e-01
6.646341463414634498e-01
6.659877800407332238e-01
6.653061224489795755e-01
6.646216768916155537e-01
6.659836065573770947e-01
6.673511293634496466e-01
6.687242798353909556e-01
6.701030927835051054e-01
6.694214876033057759e-01
6.708074534161491131e-01
6.721991701244813822e-01
6.715176715176714994e-01
6.729166666666667185e-01
6.743215031315240582e-01
6.757322175732217717e-01
6.771488469601677496e-01
6.785714285714286031e-01
6.800000000000000488e-01
6.814345991561181481e-01
6.807610993657505771e-01
6.822033898305084332e-01
6.836518046709129104e-01
6.851063829787233939e-01
6.844349680170576100e-01
6.858974358974359031e-01
6.873661670235545751e-01
6.866952789699570792e-01
6.881720430107527431e-01
6.896551724137931494e-01
6.911447084233260929e-01
6.904761904761904656e-01
6.919739696312364741e-01
6.913043478260869623e-01
6.928104575163398504e-01
6.921397379912663794e-01
6.914660831509846783e-01
6.907894736842105088e-01
6.901098901098901006e-01
6.894273127753304253e-01
6.887417218543046005e-01
6.880530973451327581e-01
6.873614190687361569e-01
6.888888888888888840e-01
6.881959910913140188e-01
6.897321428571429047e-01
6.890380313199104823e-01
6.883408071748878809e-01
6.898876404494381775e-01
6.914414414414414845e-01
6.930022573363431304e-01
6.923076923076922906e-01
6.916099773242629922e-01
6.931818181818182323e-01
6.924829157175398375e-01
6.940639269406392309e-01
6.956521739130434590e-01
6.972477064220183873e-01
6.988505747126436685e-01
6.981566820276497998e-01
6.974595842956120562e-01
6.967592592592593004e-01
6.960556844547564070e-01
6.953488372093022951e-01
6.969696969696970168e-01
6.985981308411215451e-01
7.002341920374707263e-01
7.018779342723004966e-01
7.011764705882352899e-01
7.028301886792452935e-01
7.044917257683215306e-01
7.037914691943127909e-01
7.054631828978622510e-01
7.071428571428571841e-01
7.064439140811455964e-01
7.081339712918660600e-01
7.098321342925659749e-01
7.091346153846154188e-01
7.084337349397590300e-01
7.077294685990338508e-01
7.070217917675545305e-01
7.087378640776699212e-01
7.080291970802919943e-01
7.073170731707316694e-01
7.090464547677262086e-01
7.107843137254902244e-01
7.100737100737101182e-01
7.093596059113300711e-01
7.111111111111111382e-01
7.103960396039603609e-01
7.121588089330024296e-01
7.114427860696517225e-01
7.132169576059850247e-01
7.125000000000000222e-01
7.142857142857143016e-01
7.160804020100502987e-01
7.178841309823678074e-01
7.196969696969697239e-01
7.189873417721518445e-01
7.182741116751268917e-01
7.175572519083969203e-01
7.193877551020407823e-01
7.186700767263427547e-01
7.179487179487179516e-01
7.197943444730077189e-01
7.216494845360824639e-01
7.235142118863049365e-01
7.227979274611399108e-01
7.220779220779220964e-01
7.239583333333333703e-01
7.258485639686683699e-01
7.251308900523559808e-01
7.244094488188976833e-01
7.236842105263158187e-01
7.229551451187334887e-01
7.248677248677248830e-01
7.267904509283820147e-01
7.287234042553191182e-01
7.306666666666666865e-01
7.326203208556150148e-01
7.345844504021448174e-01
7.338709677419354982e-01
7.358490566037735325e-01
7.351351351351351759e-01
7.344173441734417329e-01
7.364130434782608647e-01
7.384196185286103775e-01
7.404371584699454001e-01
7.397260273972602329e-01
7.390109890109890500e-01
7.410468319559229133e-01
7.430939226519337470e-01
7.423822714681440615e-01
7.416666666666666963e-01
7.409470752089136747e-01
7.430167597765363618e-01
7.422969187675070302e-01
7.415730337078652035e-01
7.436619718309859239e-01
7.429378531073446146e-01
7.422096317280453270e-01
7.414772727272727071e-01
7.435897435897436125e-01
7.428571428571428825e-01
7.449856733524354846e-01
7.442528735632183423e-01
7.435158501440922718e-01
7.427745664739884290e-01
7.420289855072463858e-01
7.412790697674418450e-01
7.405247813411078850e-01
7.426900584795321780e-01
7.419354838709677491e-01
7.411764705882353255e-01
7.433628318584071248e-01
7.426035502958580059e-01
7.418397626112759324e-01
7.440476190476190688e-01
7.432835820895522527e-01
7.455089820359281916e-01
7.477477477477477708e-01
7.469879518072288782e-01
7.462235649546827831e-01
7.484848484848485306e-01
7.507598784194529085e-01
7.530487804878048808e-01
7.522935779816514179e-01
7.515337423312883347e-01
7.507692307692307443e-01
7.530864197530864335e-01
7.554179566563467008e-01
7.546583850931677384e-01
7.538940809968847079e-01
7.531250000000000444e-01
7.554858934169278450e-01
7.547169811320755262e-01
7.539432176656151174e-01
7.531645569620253333e-01
7.523809523809523725e-01
7.515923566878981443e-01
7.539936102236421966e-01
7.532051282051281937e-01
7.556270096463022501e-01
7.548387096774193949e-01
7.572815533980582492e-01
7.597402597402597157e-01
7.622149837133550543e-01
7.614379084967319855e-01
7.639344262295082455e-01
7.664473684210526550e-01
7.689768976897689567e-01
7.682119205298013620e-01
7.674418604651163101e-01
7.700000000000000178e-01
7.725752508361204418e-01
7.751677852348993758e-01
7.744107744107744384e-01
7.736486486486486847e-01
7.728813559322034177e-01
7.721088435374149350e-01
7.747440273037542458e-01
7.773972602739726012e-01
7.766323024054982982e-01
7.793103448275862100e-01
7.785467128027682149e-01
7.812500000000000000e-01
7.804878048780488076e-01
7.797202797202796853e-01
7.789473684210526105e-01
7.816901408450703803e-01
7.809187279151943439e-01
7.836879432624113129e-01
7.864768683274021566e-01
7.857142857142856984e-01
7.849462365591397539e-01
7.841726618705036067e-01
7.833935018050541821e-01
7.826086956521739468e-01
7.818181818181818565e-01
7.810218978102190235e-01
7.838827838827838734e-01
7.830882352941176405e-01
7.822878228782287335e-01
7.814814814814814437e-01
7.806691449814125994e-01
7.798507462686566916e-01
7.790262172284644349e-01
7.781954887218045513e-01
7.811320754716981618e-01
7.840909090909090606e-01
7.832699619771863464e-01
7.862595419847328015e-01
7.854406130268198893e-01
7.846153846153846034e-01
7.837837837837837718e-01
7.829457364341084746e-01
7.821011673151750943e-01
7.812500000000000000e-01
7.803921568627451011e-01
7.834645669291339098e-01
7.826086956521739468e-01
7.817460317460317443e-01
7.808764940239043550e-01
7.840000000000000302e-01
7.831325301204818956e-01
7.862903225806451291e-01
7.854251012145748723e-01
7.845528455284552782e-01
7.836734693877550617e-01
7.868852459016393297e-01
7.860082304526748720e-01
7.851239669421488099e-01
7.883817427385891863e-01
7.874999999999999778e-01
7.866108786610879200e-01
7.857142857142856984e-01
7.848101265822784445e-01
7.838983050847457834e-01
7.829787234042553390e-01
7.820512820512820484e-01
7.811158798283261984e-01
7.801724137931034253e-01
7.835497835497835517e-01
7.869565217391304435e-01
7.860262008733623906e-01
7.850877192982456121e-01
7.885462555066079515e-01
7.876106194690265516e-01
7.866666666666666252e-01
7.857142857142856984e-01
7.847533632286995964e-01
7.837837837837837718e-01
7.873303167420814264e-01
7.909090909090908950e-01
7.899543378995433907e-01
7.889908256880734383e-01
7.926267281105990881e-01
7.916666666666666297e-01
7.906976744186046124e-01
7.897196261682243312e-01
7.934272300469483730e-01
7.924528301886792914e-01
7.914691943127961649e-01
7.904761904761904434e-01
7.894736842105263275e-01
7.932692307692307265e-01
7.971014492753623060e-01
7.961165048543689116e-01
7.951219512195122352e-01
7.941176470588234837e-01
7.931034482758620996e-01
7.920792079207921166e-01
7.910447761194029370e-01
7.950000000000000400e-01
7.939698492462311519e-01
7.929292929292929282e-01
7.918781725888325296e-01
7.908163265306122902e-01
7.897435897435897134e-01
7.886597938144329634e-01
7.927461139896373465e-01
7.968750000000000000e-01
8.010471204188481797e-01
8.000000000000000444e-01
7.989417989417989530e-01
8.031914893617021489e-01
8.021390374331550666e-01
8.064516129032257563e-01
8.108108108108108558e-01
8.097826086956522174e-01
8.087431693989071135e-01
8.131868131868131844e-01
8.121546961325967207e-01
8.111111111111111160e-01
8.156424581005586871e-01
8.146067415730336991e-01
8.135593220338983578e-01
8.181818181818182323e-01
8.171428571428571708e-01
8.160919540229885083e-01
8.150289017341040276e-01
8.139534883720930258e-01
8.187134502923976154e-01
8.176470588235293935e-01
8.165680473372780579e-01
8.154761904761904656e-01
8.203592814371257758e-01
8.192771084337349130e-01
8.242424242424242209e-01
8.231707317073170271e-01
8.220858895705521752e-01
8.271604938271605034e-01
8.322981366459627495e-01
8.312500000000000444e-01
8.364779874213836841e-01
8.354430379746835555e-01
8.343949044585987629e-01
8.333333333333333703e-01
8.322580645161290480e-01
8.311688311688312236e-01
8.300653594771242316e-01
8.289473684210526550e-01
8.278145695364238499e-01
8.266666666666666607e-01
8.322147651006711611e-01
8.310810810810810301e-01
8.299319727891156795e-01
8.287671232876712146e-01
8.275862068965517127e-01
8.263888888888888395e-01
8.321678321678321888e-01
8.309859154929577496e-01
8.368794326241134618e-01
8.357142857142857428e-01
8.417266187050359560e-01
8.405797101449274944e-01
8.394160583941605580e-01
8.382352941176470784e-01
8.370370370370370239e-01
8.358208955223880299e-01
8.345864661654135430e-01
8.409090909090909394e-01
8.396946564885495734e-01
8.384615384615384803e-01
8.449612403100774660e-01
8.437500000000000000e-01
8.425196850393700254e-01
8.412698412698412787e-01
8.399999999999999689e-01
8.387096774193548709e-01
8.373983739837398410e-01
8.360655737704918433e-01
8.347107438016528880e-01
8.333333333333333703e-01
8.403361344537815247e-01
8.474576271186440302e-01
8.547008547008546619e-01
8.534482758620689502e-01
8.521739130434782261e-01
8.596491228070175517e-01
8.584070796460177011e-01
8.571428571428570953e-01
8.558558558558558849e-01
8.545454545454544970e-01
8.532110091743119185e-01
8.611111111111111605e-01
8.598130841121495171e-01
8.584905660377358805e-01
8.571428571428570953e-01
8.557692307692307265e-01
8.640776699029125707e-01
8.627450980392157298e-01
8.712871287128712838e-01
8.699999999999999956e-01
8.686868686868687295e-01
8.775510204081632404e-01
8.762886597938144284e-01
8.750000000000000000e-01
8.736842105263158409e-01
8.723404255319149314e-01
8.709677419354838745e-01
8.695652173913043237e-01
8.681318681318681563e-01
8.666666666666666963e-01
8.764044943820225031e-01
8.750000000000000000e-01
8.850574712643678454e-01
8.953488372093023617e-01
8.941176470588235725e-01
8.928571428571429047e-01
8.915662650602409478e-01
8.902439024390244038e-01
8.888888888888888395e-01
8.874999999999999556e-01
8.860759493670885556e-01
8.974358974358974672e-01
9.090909090909090606e-01
9.078947368421053099e-01
9.200000000000000400e-01
9.189189189189189699e-01
9.178082191780821963e-01
9.166666666666666297e-01
9.154929577464788748e-01
9.142857142857142572e-01
9.130434782608695121e-01
9.264705882352941568e-01
9.253731343283582156e-01
9.242424242424241987e-01
9.230769230769231282e-01
9.218750000000000000e-01
9.206349206349205838e-01
9.193548387096773800e-01
9.180327868852459217e-01
9.166666666666666297e-01
9.152542372881355970e-01
9.137931034482759118e-01
9.122807017543859143e-01
9.107142857142856984e-01
9.090909090909090606e-01
9.259259259259259300e-01
9.245283018867924696e-01
9.230769230769231282e-01
9.215686274509803377e-01
9.200000000000000400e-01
9.183673469387755306e-01
9.375000000000000000e-01
9.361702127659574657e-01
9.347826086956522174e-01
9.333333333333333481e-01
9.318181818181817677e-01
9.534883720930232842e-01
9.523809523809523281e-01
9.512195121951219079e-01
9.499999999999999556e-01
9.487179487179486781e-01
9.473684210526315264e-01
9.459459459459459429e-01
9.444444444444444198e-01
9.428571428571428381e-01
9.411764705882352811e-01
9.393939393939394478e-01
9.375000000000000000e-01
9.354838709677418818e-01
9.333333333333333481e-01
9.310344827586206629e-01
9.285714285714286031e-01
9.259259259259259300e-01
9.230769230769231282e-01
9.200000000000000400e-01
9.583333333333333703e-01
9.565217391304348116e-01
9.545454545454545858e-01
9.523809523809523281e-01
9.499999999999999556e-01
9.473684210526315264e-01
9.444444444444444198e-01
9.411764705882352811e-01
9.375000000000000000e-01
9.333333333333333481e-01
9.285714285714286031e-01
9.230769230769231282e-01
9.166666666666666297e-01
9.090909090909090606e-01
9.000000000000000222e-01
1.000000000000000000e+00
1.000000000000000000e+00
1.000000000000000000e+00
1.000000000000000000e+00
1.000000000000000000e+00
1.000000000000000000e+00
1.000000000000000000e+00
1.000000000000000000e+00
1.000000000000000000e+00
1.000000000000000000e+00
