5.000000000000000000e-01
5.007153075822603494e-01
5.014326647564469885e-01
5.021520803443328962e-01
5.028735632183908288e-01
5.035971223021582510e-01
5.043227665706051521e-01
5.050505050505050830e-01
5.057803468208093012e-01
5.065123010130245795e-01
5.072463768115942351e-01
5.079825834542815999e-01
5.087209302325581550e-01
5.080058224163027658e-01
5.087463556851311575e-01
5.094890510948905105e-01
5.102339181286549286e-01
5.109809663250366452e-01
5.117302052785923649e-01
5.124816446402349346e-01
5.132352941176470118e-01
5.139911634756995085e-01
5.147492625368731423e-01
5.155096011816838741e-01
5.162721893491124536e-01
5.170370370370370727e-01
5.163204747774480241e-01
5.170876671619614173e-01
5.178571428571429047e-01
5.186289120715350531e-01
5.194029850746268995e-01
5.201793721973093643e-01
5.209580838323353280e-01
5.217391304347825942e-01
5.225225225225225145e-01
5.233082706766917225e-01
5.240963855421686413e-01
5.248868778280543212e-01
5.256797583081570524e-01
5.264750378214826387e-01
5.257575757575757569e-01
5.265553869499240980e-01
5.273556231003039274e-01
5.281582952815829790e-01
5.289634146341463117e-01
5.297709923664122300e-01
5.305810397553516466e-01
5.313935681470137729e-01
5.322085889570552508e-01
5.330261136712749481e-01
5.338461538461538591e-01
5.346687211093991143e-01
5.339506172839506570e-01
5.347758887171560893e-01
5.356037151702786048e-01
5.364341085271318033e-01
5.372670807453415742e-01
5.381026438569206372e-01
5.389408099688473008e-01
5.397815912636505509e-01
5.406250000000000222e-01
5.414710485133020779e-01
5.423197492163009947e-01
5.431711145996860335e-01
5.440251572327043927e-01
5.448818897637794922e-01
5.457413249211356954e-01
5.466034755134281387e-01
5.474683544303797778e-01
5.483359746434230964e-01
5.476190476190476719e-01
5.484896661367250070e-01
5.493630573248408089e-01
5.502392344497607501e-01
5.511182108626198062e-01
5.520000000000000462e-01
5.528846153846154188e-01
5.537720706260031989e-01
5.546623794212218739e-01
5.555555555555555802e-01
5.564516129032257563e-01
5.573505654281099009e-01
5.582524271844659935e-01
5.591572123176661302e-01
5.600649350649350433e-01
5.609756097560976151e-01
5.602605863192182678e-01
5.611745513866231994e-01
5.620915032679738577e-01
5.630114566284779576e-01
5.639344262295081789e-01
5.648604269293924229e-01
5.657894736842105088e-01
5.667215815485996400e-01
5.676567656765676428e-01
5.685950413223140876e-01
5.695364238410596247e-01
5.688225538971807271e-01
5.697674418604651292e-01
5.707154742096506306e-01
5.716666666666666563e-01
5.726210350584307607e-01
5.735785953177257035e-01
5.745393634840870734e-01
5.738255033557047025e-01
5.731092436974789539e-01
5.740740740740740700e-01
5.750421585160202520e-01
5.760135135135134865e-01
5.769881556683587043e-01
5.779661016949152463e-01
5.789473684210526550e-01
5.799319727891156795e-01
5.809199318568994963e-01
5.819112627986348096e-01
5.829059829059829445e-01
5.839041095890410427e-01
5.831903945111491794e-01
5.841924398625429893e-01
5.851979345955249379e-01
5.862068965517240882e-01
5.872193436960276847e-01
5.882352941176470784e-01
5.892547660311958646e-01
5.902777777777777901e-01
5.913043478260869845e-01
5.923344947735191823e-01
5.933682373472949356e-01
5.944055944055943730e-01
5.954465849387040599e-01
5.947368421052631193e-01
5.957820738137082905e-01
5.968309859154929953e-01
5.978835978835979059e-01
5.971731448763251127e-01
5.982300884955752407e-01
5.992907801418440039e-01
6.003552397868561208e-01
6.014234875444839368e-01
6.024955436720142998e-01
6.017857142857142572e-01
6.028622540250446749e-01
6.039426523297490856e-01
6.050269299820466573e-01
6.061151079136690711e-01
6.072072072072072224e-01
6.083032490974729090e-01
6.094032549728751746e-01
6.086956521739130821e-01
6.098003629764064959e-01
6.109090909090909571e-01
6.120218579234972811e-01
6.131386861313868897e-01
6.142595978062157513e-01
6.153846153846154188e-01
6.165137614678899425e-01
6.176470588235294379e-01
6.187845303867403057e-01
6.199261992619926609e-01
6.210720887245840816e-01
6.222222222222222321e-01
6.215213358070500460e-01
6.226765799256505085e-01
6.238361266294226715e-01
6.250000000000000000e-01
6.261682242990653791e-01
6.273408239700374311e-01
6.266416510318949529e-01
6.278195488721804995e-01
6.290018832391713888e-01
6.283018867924528017e-01
6.275992438563327003e-01
6.268939393939394478e-01
6.280834914611005404e-01
6.292775665399239493e-01
6.304761904761905233e-01
6.316793893129770687e-01
6.328871892925430620e-01
6.340996168582375692e-01
6.333973128598848756e-01
6.346153846153845812e-01
6.358381502890173564e-01
6.370656370656370138e-01
6.382978723404255650e-01
6.395348837209302584e-01
6.407766990291262621e-01
6.420233463035019961e-01
6.432748538011695549e-01
6.445312500000000000e-01
6.457925636007827430e-01
6.470588235294117974e-01
6.483300589390962321e-01
6.496062992125983815e-01
6.508875739644970349e-01
6.521739130434782705e-01
6.534653465346534906e-01
6.547619047619047672e-01
6.560636182902584990e-01
6.573705179282868238e-01
6.586826347305388962e-01
6.600000000000000311e-01
6.613226452905811570e-01
6.626506024096385783e-01
6.639839034205231583e-01
6.653225806451612545e-01
6.666666666666666297e-01
6.680161943319837814e-01
6.693711967545639130e-01
6.707317073170732113e-01
6.720977596741344318e-01
6.734693877551020114e-01
6.728016359918200795e-01
6.741803278688525136e-01
6.755646817248459612e-01
6.769547325102880375e-01
6.783505154639175583e-01
6.797520661157024913e-01
6.811594202898550998e-01
6.825726141078838349e-01
6.839916839916839741e-01
6.854166666666666741e-01
6.868475991649268808e-01
6.882845188284518745e-01
6.897274633123690046e-01
6.911764705882352811e-01
6.926315789473683759e-01
6.940928270042193704e-01
6.955602536997885776e-01
6.970338983050847759e-01
6.985138004246284060e-01
6.999999999999999556e-01
6.993603411513859003e-01
7.008547008547008073e-01
7.023554603854389455e-01
7.038626609442060200e-01
7.053763440860214562e-01
7.068965517241379004e-01
7.084233261339092369e-01
7.099567099567100081e-01
7.093275488069413770e-01
7.108695652173913082e-01
7.124183006535947937e-01
7.139737991266376094e-01
7.155361050328227224e-01
7.171052631578946901e-01
7.186813186813186816e-01
7.202643171806167866e-01
7.196467991169978040e-01
7.190265486725663235e-01
7.206208425720620481e-01
7.222222222222222099e-01
7.238307349665924484e-01
7.254464285714286031e-01
7.270693512304250428e-01
7.264573991031390010e-01
7.280898876404494624e-01
7.297297297297297147e-01
7.313769751693002252e-01
7.330316742081447456e-01
7.346938775510204467e-01
7.363636363636363313e-01
7.380410022779043677e-01
7.374429223744292106e-01
7.391304347826086474e-01
7.408256880733945504e-01
7.425287356321839116e-01
7.419354838709677491e-01
7.436489607390299739e-01
7.453703703703703498e-01
7.470997679814385117e-01
7.488372093023255571e-01
7.482517482517482277e-01
7.476635514018691309e-01
7.494145199063232399e-01
7.488262910798122451e-01
7.505882352941176672e-01
7.523584905660377631e-01
7.517730496453900457e-01
7.535545023696682554e-01
7.553444180522564944e-01
7.547619047619047450e-01
7.541766109785202898e-01
7.535885167464114742e-01
7.553956834532373765e-01
7.572115384615384359e-01
7.590361445783132543e-01
7.584541062801932743e-01
7.578692493946731501e-01
7.572815533980582492e-01
7.591240875912408370e-01
7.585365853658536661e-01
7.579462102689487057e-01
7.598039215686274161e-01
7.592137592137592206e-01
7.610837438423645462e-01
7.604938271604938516e-01
7.623762376237623872e-01
7.617866004962778881e-01
7.611940298507462455e-01
7.630922693266832812e-01
7.650000000000000133e-01
7.644110275689223188e-01
7.663316582914573294e-01
7.682619647355163339e-01
7.676767676767676241e-01
7.670886075949366889e-01
7.664974619289339763e-01
7.659033078880407297e-01
7.653061224489795533e-01
7.672634271099744163e-01
7.692307692307692735e-01
7.686375321336761379e-01
7.706185567010309656e-01
7.726098191214469946e-01
7.720207253886010035e-01
7.714285714285714635e-01
7.734375000000000000e-01
7.754569190600522077e-01
7.774869109947644130e-01
7.769028871391076008e-01
7.789473684210526105e-01
7.783641160949867910e-01
7.777777777777777901e-01
7.798408488063660604e-01
7.819148936170212671e-01
7.813333333333333242e-01
7.834224598930481509e-01
7.855227882037533194e-01
7.849462365591397539e-01
7.843665768194070242e-01
7.837837837837837718e-01
7.859078590785907314e-01
7.880434782608695121e-01
7.901907356948228989e-01
7.923497267759562757e-01
7.917808219178081863e-01
7.912087912087911734e-01
7.906336088154269914e-01
7.900552486187845114e-01
7.922437673130193758e-01
7.944444444444443976e-01
7.966573816155988474e-01
7.988826815642458001e-01
8.011204481792717491e-01
8.033707865168538964e-01
8.028169014084507449e-01
8.022598870056497633e-01
8.045325779036827107e-01
8.068181818181817677e-01
8.091168091168091658e-01
8.085714285714286076e-01
8.080229226361032024e-01
8.074712643678161328e-01
8.069164265129683544e-01
8.092485549132948375e-01
8.115942028985507761e-01
8.110465116279069742e-01
8.104956268221574778e-01
8.128654970760234022e-01
8.123167155425219388e-01
8.147058823529411686e-01
8.171091445427728361e-01
8.195266272189348777e-01
8.219584569732937274e-01
8.214285714285713969e-01
8.208955223880597396e-01
8.203592814371257758e-01
8.228228228228228192e-01
8.253012048192771566e-01
8.277945619335347338e-01
8.303030303030303205e-01
8.297872340425531679e-01
8.292682926829267887e-01
8.287461773700305345e-01
8.282208588957055140e-01
8.307692307692308153e-01
8.333333333333333703e-01
8.328173374613002666e-01
8.322981366459627495e-01
8.317757009345794206e-01
8.312500000000000444e-01
8.307210031347962431e-01
8.301886792452830566e-01
8.296529968454258164e-01
8.291139240506328889e-01
8.317460317460317887e-01
8.312101910828025852e-01
8.306709265175719059e-01
8.301282051282051766e-01
8.295819935691318703e-01
8.322580645161290480e-01
8.317152103559870557e-01
8.311688311688312236e-01
8.306188925081433583e-01
8.300653594771242316e-01
8.295081967213114860e-01
8.289473684210526550e-01
8.283828382838284154e-01
8.278145695364238499e-01
8.272425249169435002e-01
8.266666666666666607e-01
8.294314381270903036e-01
8.288590604026845332e-01
8.282828282828282873e-01
8.310810810810810301e-01
8.299319727891156795e-01
8.327645051194538794e-01
8.321917808219178037e-01
8.316151202749141325e-01
8.344827586206896575e-01
8.339100346020761334e-01
8.333333333333333703e-01
8.362369337979094208e-01
8.391608391608391671e-01
8.421052631578946901e-01
8.415492957746478764e-01
8.445229681978798641e-01
8.439716312056737557e-01
8.434163701067615149e-01
8.464285714285714191e-01
8.458781362007168347e-01
8.489208633093525691e-01
8.519855595667870096e-01
8.514492753623188470e-01
8.509090909090909483e-01
8.503649635036496512e-01
8.534798534798534453e-01
8.529411764705882026e-01
8.523985239852398532e-01
8.555555555555555136e-01
8.550185873605947728e-01
8.582089552238806318e-01
8.576779026217228319e-01
8.571428571428570953e-01
8.566037735849056922e-01
8.560606060606060774e-01
8.593155893536121859e-01
8.587786259541985157e-01
8.582375478927203316e-01
8.576923076923076428e-01
8.571428571428570953e-01
8.604651162790697416e-01
8.599221789883269018e-01
8.593750000000000000e-01
8.588235294117646523e-01
8.582677165354331006e-01
8.577075098814229692e-01
8.571428571428570953e-01
8.565737051792828849e-01
8.559999999999999831e-01
8.554216867469879304e-01
8.548387096774193727e-01
8.582995951417003999e-01
8.577235772357723054e-01
8.571428571428570953e-01
8.565573770491803351e-01
8.559670781893004010e-01
8.595041322314049825e-01
8.589211618257260872e-01
8.625000000000000444e-01
8.661087866108786448e-01
8.655462184873949916e-01
8.649789029535864815e-01
8.644067796610169774e-01
8.680851063829787551e-01
8.675213675213675479e-01
8.669527896995707916e-01
8.663793103448276245e-01
8.658008658008657932e-01
8.695652173913043237e-01
8.689956331877729534e-01
8.684210526315789824e-01
8.678414096916299281e-01
8.672566371681416086e-01
8.666666666666666963e-01
8.660714285714286031e-01
8.654708520179371645e-01
8.648648648648649129e-01
8.687782805429864474e-01
8.727272727272726849e-01
8.767123287671232390e-01
8.761467889908256534e-01
8.755760368663594306e-01
8.750000000000000000e-01
8.744186046511628341e-01
8.738317757009346209e-01
8.732394366197182567e-01
8.726415094339622369e-01
8.720379146919431390e-01
8.714285714285714413e-01
8.708133971291865949e-01
8.750000000000000000e-01
8.792270531400966371e-01
8.786407766990291801e-01
8.780487804878048808e-01
8.774509803921568540e-01
8.817733990147783585e-01
8.811881188118811936e-01
8.855721393034825528e-01
8.850000000000000089e-01
8.844221105527638738e-01
8.888888888888888395e-01
8.883248730964466988e-01
8.877551020408163129e-01
8.923076923076923572e-01
8.917525773195876804e-01
8.963730569948186178e-01
8.958333333333333703e-01
8.952879581151832467e-01
8.947368421052631637e-01
8.994708994708994210e-01
8.989361702127659504e-01
8.983957219251337278e-01
8.978494623655913776e-01
8.972972972972973471e-01
8.967391304347825942e-01
9.016393442622950838e-01
9.010989010989011172e-01
9.005524861878453358e-01
9.055555555555555580e-01
9.050279329608938994e-01
9.044943820224718989e-01
9.096045197740112442e-01
9.090909090909090606e-01
9.085714285714285854e-01
9.080459770114942541e-01
9.075144508670520693e-01
9.069767441860464574e-01
9.064327485380117011e-01
9.058823529411764719e-01
9.053254437869822091e-01
9.047619047619047672e-01
9.030303030303030720e-01
9.024390243902439268e-01
9.018404907975460238e-01
9.012345679012345734e-01
9.006211180124223947e-01
9.000000000000000222e-01
9.056603773584905870e-01
9.113924050632911111e-01
9.108280254777070262e-01
9.102564102564102422e-01
9.096774193548387011e-01
9.155844155844156118e-01
9.150326797385620603e-01
9.144736842105263275e-01
9.139072847682119249e-01
9.133333333333333304e-01
9.127516778523490082e-01
9.121621621621621712e-01
9.183673469387755306e-01
9.178082191780821963e-01
9.172413793103447732e-01
9.166666666666666297e-01
9.160839160839160389e-01
9.148936170212765839e-01
9.142857142857142572e-01
9.136690647482014205e-01
9.202898550724637472e-01
9.197080291970802790e-01
9.191176470588234837e-01
9.185185185185185119e-01
9.179104477611940149e-01
9.172932330827067160e-01
9.166666666666666297e-01
9.160305343511450094e-01
9.230769230769231282e-01
9.224806201550387330e-01
9.218750000000000000e-01
9.212598425196850682e-01
9.206349206349205838e-01
9.280000000000000471e-01
9.274193548387096309e-01
9.268292682926829729e-01
9.344262295081967595e-01
9.338842975206611552e-01
9.333333333333333481e-01
9.327731092436974958e-01
9.322033898305084332e-01
9.316239316239316448e-01
9.310344827586206629e-01
9.391304347826087140e-01
9.385964912280702066e-01
9.380530973451327581e-01
9.375000000000000000e-01
9.369369369369369149e-01
9.363636363636363980e-01
9.357798165137615198e-01
9.351851851851852304e-01
9.345794392523364413e-01
9.339622641509434109e-01
9.333333333333333481e-01
9.326923076923077094e-01
9.417475728155340065e-01
9.411764705882352811e-01
9.405940594059405413e-01
9.399999999999999467e-01
9.393939393939394478e-01
9.387755102040816757e-01
9.484536082474226415e-01
9.479166666666666297e-01
9.473684210526315264e-01
9.468085106382978511e-01
9.462365591397849940e-01
9.456521739130434590e-01
9.450549450549450281e-01
9.444444444444444198e-01
9.438202247191010974e-01
9.431818181818182323e-01
9.425287356321838672e-01
9.418604651162790775e-01
9.529411764705881804e-01
9.523809523809523281e-01
9.518072289156626065e-01
9.512195121951219079e-01
9.506172839506172867e-01
9.499999999999999556e-01
9.620253164556962222e-01
9.615384615384615641e-01
9.610389610389610260e-01
9.605263157894736725e-01
9.599999999999999645e-01
9.594594594594594295e-01
9.589041095890410427e-01
9.583333333333333703e-01
9.577464788732393819e-01
9.571428571428571841e-01
9.565217391304348116e-01
9.558823529411765163e-01
9.552238805970149071e-01
9.545454545454545858e-01
9.538461538461538991e-01
9.531250000000000000e-01
9.682539682539682557e-01
9.677419354838709964e-01
9.672131147540983243e-01
9.666666666666666741e-01
9.661016949152542166e-01
9.655172413793103869e-01
9.649122807017543879e-01
9.642857142857143016e-01
9.636363636363636243e-01
9.629629629629629095e-01
9.622641509433962348e-01
9.615384615384615641e-01
9.607843137254902244e-01
9.599999999999999645e-01
9.591836734693877098e-01
9.583333333333333703e-01
9.574468085106383475e-01
9.565217391304348116e-01
9.555555555555556024e-01
9.545454545454545858e-01
9.534883720930232842e-01
9.523809523809523281e-01
9.512195121951219079e-01
9.499999999999999556e-01
9.487179487179486781e-01
9.473684210526315264e-01
9.459459459459459429e-01
9.444444444444444198e-01
9.428571428571428381e-01
9.411764705882352811e-01
9.393939393939394478e-01
9.375000000000000000e-01
9.354838709677418818e-01
9.333333333333333481e-01
9.285714285714286031e-01
9.259259259259259300e-01
9.230769230769231282e-01
9.200000000000000400e-01
9.166666666666666297e-01
9.130434782608695121e-01
9.090909090909090606e-01
9.047619047619047672e-01
9.499999999999999556e-01
9.473684210526315264e-01
9.444444444444444198e-01
9.411764705882352811e-01
9.375000000000000000e-01
9.333333333333333481e-01
9.285714285714286031e-01
9.230769230769231282e-01
9.166666666666666297e-01
1.000000000000000000e+00
1.000000000000000000e+00
1.000000000000000000e+00
1.000000000000000000e+00
1.000000000000000000e+00
1.000000000000000000e+00
1.000000000000000000e+00
1.000000000000000000e+00
1.000000000000000000e+00
1.000000000000000000e+00
1.000000000000000000e+00
1.000000000000000000e+00
