0.000000000000000000e+00
0.000000000000000000e+00
0.000000000000000000e+00
2.857142857142857140e-03
2.857142857142857140e-03
5.714285714285714281e-03
5.714285714285714281e-03
5.714285714285714281e-03
5.714285714285714281e-03
8.571428571428571855e-03
8.571428571428571855e-03
1.142857142857142856e-02
1.142857142857142856e-02
1.428571428571428527e-02
1.428571428571428527e-02
1.714285714285714371e-02
1.714285714285714371e-02
2.000000000000000042e-02
2.000000000000000042e-02
2.285714285714285712e-02
2.285714285714285712e-02
2.571428571428571383e-02
2.571428571428571383e-02
2.857142857142857054e-02
2.857142857142857054e-02
3.142857142857143071e-02
3.142857142857143071e-02
3.428571428571428742e-02
3.428571428571428742e-02
3.428571428571428742e-02
3.428571428571428742e-02
3.714285714285714413e-02
3.714285714285714413e-02
4.000000000000000083e-02
4.000000000000000083e-02
4.571428571428571425e-02
4.571428571428571425e-02
4.571428571428571425e-02
4.571428571428571425e-02
4.857142857142857095e-02
4.857142857142857095e-02
5.142857142857142766e-02
5.142857142857142766e-02
5.428571428571428437e-02
5.428571428571428437e-02
5.714285714285714107e-02
5.714285714285714107e-02
5.999999999999999778e-02
5.999999999999999778e-02
6.285714285714286143e-02
6.285714285714286143e-02
6.571428571428571119e-02
6.571428571428571119e-02
6.857142857142857484e-02
6.857142857142857484e-02
7.142857142857142461e-02
7.142857142857142461e-02
7.714285714285713802e-02
7.714285714285713802e-02
8.571428571428571508e-02
8.571428571428571508e-02
8.857142857142856485e-02
8.857142857142856485e-02
9.142857142857142849e-02
9.142857142857142849e-02
9.714285714285714191e-02
9.714285714285714191e-02
1.000000000000000056e-01
1.000000000000000056e-01
1.028571428571428553e-01
1.028571428571428553e-01
1.057142857142857190e-01
1.057142857142857190e-01
1.085714285714285687e-01
1.085714285714285687e-01
1.114285714285714324e-01
1.114285714285714324e-01
1.142857142857142821e-01
1.142857142857142821e-01
1.171428571428571458e-01
1.171428571428571458e-01
1.228571428571428592e-01
1.228571428571428592e-01
1.257142857142857229e-01
1.257142857142857229e-01
1.285714285714285587e-01
1.285714285714285587e-01
1.371428571428571497e-01
1.371428571428571497e-01
1.400000000000000133e-01
1.400000000000000133e-01
1.428571428571428492e-01
1.428571428571428492e-01
1.457142857142857129e-01
1.457142857142857129e-01
1.485714285714285765e-01
1.485714285714285765e-01
1.514285714285714401e-01
1.514285714285714401e-01
1.542857142857142760e-01
1.542857142857142760e-01
1.600000000000000033e-01
1.600000000000000033e-01
1.714285714285714302e-01
1.714285714285714302e-01
1.828571428571428570e-01
1.828571428571428570e-01
1.857142857142857206e-01
1.857142857142857206e-01
1.914285714285714202e-01
1.914285714285714202e-01
2.000000000000000111e-01
2.000000000000000111e-01
2.171428571428571375e-01
2.171428571428571375e-01
2.285714285714285643e-01
2.285714285714285643e-01
2.342857142857142916e-01
2.342857142857142916e-01
2.399999999999999911e-01
2.399999999999999911e-01
2.428571428571428548e-01
2.428571428571428548e-01
2.514285714285714457e-01
2.514285714285714457e-01
2.571428571428571175e-01
2.571428571428571175e-01
2.628571428571428448e-01
2.628571428571428448e-01
2.685714285714285721e-01
2.685714285714285721e-01
2.742857142857142994e-01
2.742857142857142994e-01
2.771428571428571352e-01
2.771428571428571352e-01
2.800000000000000266e-01
2.800000000000000266e-01
2.828571428571428625e-01
2.828571428571428625e-01
2.857142857142856984e-01
2.857142857142856984e-01
2.942857142857142616e-01
2.942857142857142616e-01
2.999999999999999889e-01
2.999999999999999889e-01
3.057142857142857162e-01
3.057142857142857162e-01
3.085714285714285521e-01
3.085714285714285521e-01
3.200000000000000067e-01
3.200000000000000067e-01
3.285714285714285698e-01
3.285714285714285698e-01
3.485714285714285876e-01
3.485714285714285876e-01
3.628571428571428781e-01
3.628571428571428781e-01
3.828571428571428403e-01
3.828571428571428403e-01
4.028571428571428581e-01
4.028571428571428581e-01
4.571428571428571286e-01
4.571428571428571286e-01
5.457142857142857073e-01
5.457142857142857073e-01
5.628571428571428337e-01
5.628571428571428337e-01
5.685714285714286165e-01
5.685714285714286165e-01
5.828571428571428514e-01
5.828571428571428514e-01
6.171428571428571042e-01
6.171428571428571042e-01
6.371428571428571219e-01
6.371428571428571219e-01
6.514285714285714679e-01
6.514285714285714679e-01
6.600000000000000311e-01
6.600000000000000311e-01
6.942857142857142838e-01
6.942857142857142838e-01
7.257142857142857562e-01
7.257142857142857562e-01
7.428571428571428825e-01
7.428571428571428825e-01
7.714285714285714635e-01
7.714285714285714635e-01
8.142857142857142794e-01
8.142857142857142794e-01
8.628571428571428781e-01
8.628571428571428781e-01
8.942857142857142394e-01
8.942857142857142394e-01
9.314285714285713835e-01
9.314285714285713835e-01
9.657142857142857473e-01
9.657142857142857473e-01
1.000000000000000000e+00
