0.000000000000000000e+00
2.857142857142857140e-03
3.142857142857143071e-02
3.142857142857143071e-02
5.428571428571428437e-02
5.428571428571428437e-02
7.428571428571428825e-02
8.000000000000000167e-02
1.742857142857142938e-01
1.742857142857142938e-01
2.171428571428571375e-01
2.171428571428571375e-01
2.314285714285714279e-01
2.314285714285714279e-01
2.628571428571428448e-01
2.628571428571428448e-01
2.771428571428571352e-01
2.771428571428571352e-01
3.085714285714285521e-01
3.085714285714285521e-01
3.257142857142857340e-01
3.257142857142857340e-01
3.314285714285714057e-01
3.314285714285714057e-01
3.428571428571428603e-01
3.428571428571428603e-01
3.628571428571428781e-01
3.628571428571428781e-01
3.685714285714285499e-01
3.742857142857142771e-01
3.857142857142857317e-01
3.857142857142857317e-01
4.028571428571428581e-01
4.028571428571428581e-01
4.114285714285714213e-01
4.114285714285714213e-01
4.257142857142857117e-01
4.342857142857142749e-01
4.600000000000000200e-01
4.600000000000000200e-01
4.657142857142856918e-01
4.657142857142856918e-01
4.714285714285714191e-01
4.714285714285714191e-01
4.857142857142857095e-01
4.857142857142857095e-01
4.942857142857142727e-01
4.942857142857142727e-01
4.971428571428571641e-01
4.971428571428571641e-01
5.028571428571428914e-01
5.028571428571428914e-01
5.085714285714285632e-01
5.085714285714285632e-01
5.114285714285714546e-01
5.114285714285714546e-01
5.200000000000000178e-01
5.200000000000000178e-01
5.485714285714285987e-01
5.485714285714285987e-01
5.714285714285713969e-01
5.714285714285713969e-01
5.828571428571428514e-01
5.828571428571428514e-01
5.914285714285714146e-01
5.914285714285714146e-01
5.942857142857143060e-01
5.942857142857143060e-01
6.057142857142857606e-01
6.057142857142857606e-01
6.342857142857142305e-01
6.342857142857142305e-01
6.457142857142856851e-01
6.457142857142856851e-01
6.571428571428571397e-01
6.571428571428571397e-01
6.600000000000000311e-01
6.600000000000000311e-01
6.657142857142857029e-01
6.657142857142857029e-01
6.742857142857142660e-01
6.742857142857142660e-01
6.771428571428571574e-01
6.771428571428571574e-01
6.828571428571428292e-01
6.828571428571428292e-01
6.857142857142857206e-01
6.857142857142857206e-01
6.914285714285713924e-01
6.914285714285713924e-01
6.971428571428571752e-01
6.971428571428571752e-01
7.028571428571428470e-01
7.028571428571428470e-01
7.085714285714285188e-01
7.085714285714285188e-01
7.371428571428570997e-01
7.371428571428570997e-01
7.485714285714285543e-01
7.485714285714285543e-01
7.714285714285714635e-01
7.714285714285714635e-01
7.828571428571428070e-01
7.828571428571428070e-01
7.914285714285714812e-01
7.914285714285714812e-01
7.942857142857142616e-01
7.942857142857142616e-01
8.000000000000000444e-01
8.000000000000000444e-01
8.114285714285713880e-01
8.114285714285713880e-01
8.171428571428571708e-01
8.171428571428571708e-01
8.285714285714286254e-01
8.285714285714286254e-01
8.371428571428571885e-01
8.371428571428571885e-01
8.399999999999999689e-01
8.399999999999999689e-01
8.457142857142857517e-01
8.457142857142857517e-01
8.485714285714285321e-01
8.485714285714285321e-01
8.542857142857143149e-01
8.542857142857143149e-01
8.571428571428570953e-01
8.571428571428570953e-01
8.714285714285714413e-01
8.714285714285714413e-01
8.742857142857143327e-01
8.742857142857143327e-01
8.800000000000000044e-01
8.800000000000000044e-01
8.828571428571428958e-01
8.828571428571428958e-01
8.857142857142856762e-01
8.857142857142856762e-01
8.914285714285714590e-01
8.914285714285714590e-01
9.000000000000000222e-01
9.000000000000000222e-01
9.085714285714285854e-01
9.085714285714285854e-01
9.114285714285714768e-01
9.114285714285714768e-01
9.142857142857142572e-01
9.142857142857142572e-01
9.200000000000000400e-01
9.200000000000000400e-01
9.228571428571428203e-01
9.228571428571428203e-01
9.257142857142857117e-01
9.257142857142857117e-01
9.285714285714286031e-01
9.285714285714286031e-01
9.342857142857142749e-01
9.342857142857142749e-01
9.371428571428571663e-01
9.371428571428571663e-01
9.399999999999999467e-01
9.399999999999999467e-01
9.428571428571428381e-01
9.428571428571428381e-01
9.457142857142857295e-01
9.457142857142857295e-01
9.542857142857142927e-01
9.542857142857142927e-01
9.571428571428571841e-01
9.571428571428571841e-01
9.599999999999999645e-01
9.599999999999999645e-01
9.628571428571428559e-01
9.628571428571428559e-01
9.657142857142857473e-01
9.657142857142857473e-01
9.685714285714285277e-01
9.685714285714285277e-01
9.714285714285714191e-01
9.714285714285714191e-01
9.742857142857143105e-01
9.742857142857143105e-01
9.799999999999999822e-01
9.799999999999999822e-01
9.828571428571428736e-01
9.828571428571428736e-01
9.857142857142857650e-01
9.857142857142857650e-01
9.885714285714285454e-01
9.885714285714285454e-01
9.914285714285714368e-01
9.914285714285714368e-01
9.942857142857143282e-01
9.942857142857143282e-01
9.971428571428571086e-01
9.971428571428571086e-01
1.000000000000000000e+00
1.000000000000000000e+00
