1.000000000000000000e+00
1.000000000000000000e+00
1.000000000000000000e+00
1.000000000000000000e+00
1.000000000000000000e+00
1.000000000000000000e+00
1.000000000000000000e+00
1.000000000000000000e+00
1.000000000000000000e+00
1.000000000000000000e+00
1.000000000000000000e+00
1.000000000000000000e+00
1.000000000000000000e+00
9.971428571428571086e-01
9.971428571428571086e-01
9.971428571428571086e-01
9.971428571428571086e-01
9.971428571428571086e-01
9.971428571428571086e-01
9.971428571428571086e-01
9.971428571428571086e-01
9.971428571428571086e-01
9.971428571428571086e-01
9.971428571428571086e-01
9.971428571428571086e-01
9.971428571428571086e-01
9.942857142857143282e-01
9.942857142857143282e-01
9.942857142857143282e-01
9.942857142857143282e-01
9.942857142857143282e-01
9.942857142857143282e-01
9.942857142857143282e-01
9.942857142857143282e-01
9.942857142857143282e-01
9.942857142857143282e-01
9.942857142857143282e-01
9.942857142857143282e-01
9.942857142857143282e-01
9.942857142857143282e-01
9.914285714285714368e-01
9.914285714285714368e-01
9.914285714285714368e-01
9.914285714285714368e-01
9.914285714285714368e-01
9.914285714285714368e-01
9.914285714285714368e-01
9.914285714285714368e-01
9.914285714285714368e-01
9.914285714285714368e-01
9.914285714285714368e-01
9.914285714285714368e-01
9.885714285714285454e-01
9.885714285714285454e-01
9.885714285714285454e-01
9.885714285714285454e-01
9.885714285714285454e-01
9.885714285714285454e-01
9.885714285714285454e-01
9.885714285714285454e-01
9.885714285714285454e-01
9.885714285714285454e-01
9.885714285714285454e-01
9.885714285714285454e-01
9.885714285714285454e-01
9.885714285714285454e-01
9.885714285714285454e-01
9.885714285714285454e-01
9.885714285714285454e-01
9.885714285714285454e-01
9.857142857142857650e-01
9.857142857142857650e-01
9.857142857142857650e-01
9.857142857142857650e-01
9.857142857142857650e-01
9.857142857142857650e-01
9.857142857142857650e-01
9.857142857142857650e-01
9.857142857142857650e-01
9.857142857142857650e-01
9.857142857142857650e-01
9.857142857142857650e-01
9.857142857142857650e-01
9.857142857142857650e-01
9.857142857142857650e-01
9.857142857142857650e-01
9.828571428571428736e-01
9.828571428571428736e-01
9.828571428571428736e-01
9.828571428571428736e-01
9.828571428571428736e-01
9.828571428571428736e-01
9.828571428571428736e-01
9.828571428571428736e-01
9.828571428571428736e-01
9.828571428571428736e-01
9.828571428571428736e-01
9.799999999999999822e-01
9.799999999999999822e-01
9.799999999999999822e-01
9.799999999999999822e-01
9.799999999999999822e-01
9.799999999999999822e-01
9.799999999999999822e-01
9.771428571428570908e-01
9.742857142857143105e-01
9.742857142857143105e-01
9.742857142857143105e-01
9.742857142857143105e-01
9.742857142857143105e-01
9.742857142857143105e-01
9.742857142857143105e-01
9.742857142857143105e-01
9.742857142857143105e-01
9.742857142857143105e-01
9.742857142857143105e-01
9.742857142857143105e-01
9.714285714285714191e-01
9.714285714285714191e-01
9.714285714285714191e-01
9.714285714285714191e-01
9.714285714285714191e-01
9.714285714285714191e-01
9.714285714285714191e-01
9.714285714285714191e-01
9.714285714285714191e-01
9.714285714285714191e-01
9.714285714285714191e-01
9.714285714285714191e-01
9.714285714285714191e-01
9.685714285714285277e-01
9.685714285714285277e-01
9.685714285714285277e-01
9.685714285714285277e-01
9.657142857142857473e-01
9.657142857142857473e-01
9.657142857142857473e-01
9.657142857142857473e-01
9.657142857142857473e-01
9.657142857142857473e-01
9.628571428571428559e-01
9.628571428571428559e-01
9.628571428571428559e-01
9.628571428571428559e-01
9.628571428571428559e-01
9.628571428571428559e-01
9.628571428571428559e-01
9.628571428571428559e-01
9.599999999999999645e-01
9.599999999999999645e-01
9.599999999999999645e-01
9.599999999999999645e-01
9.599999999999999645e-01
9.599999999999999645e-01
9.599999999999999645e-01
9.599999999999999645e-01
9.599999999999999645e-01
9.599999999999999645e-01
9.599999999999999645e-01
9.599999999999999645e-01
9.599999999999999645e-01
9.571428571428571841e-01
9.571428571428571841e-01
9.571428571428571841e-01
9.571428571428571841e-01
9.571428571428571841e-01
9.571428571428571841e-01
9.542857142857142927e-01
9.542857142857142927e-01
9.542857142857142927e-01
9.514285714285714013e-01
9.485714285714286209e-01
9.457142857142857295e-01
9.457142857142857295e-01
9.457142857142857295e-01
9.457142857142857295e-01
9.457142857142857295e-01
9.457142857142857295e-01
9.457142857142857295e-01
9.428571428571428381e-01
9.428571428571428381e-01
9.428571428571428381e-01
9.428571428571428381e-01
9.428571428571428381e-01
9.428571428571428381e-01
9.428571428571428381e-01
9.428571428571428381e-01
9.428571428571428381e-01
9.428571428571428381e-01
9.428571428571428381e-01
9.428571428571428381e-01
9.428571428571428381e-01
9.428571428571428381e-01
9.428571428571428381e-01
9.428571428571428381e-01
9.428571428571428381e-01
9.428571428571428381e-01
9.428571428571428381e-01
9.428571428571428381e-01
9.428571428571428381e-01
9.428571428571428381e-01
9.428571428571428381e-01
9.428571428571428381e-01
9.428571428571428381e-01
9.428571428571428381e-01
9.428571428571428381e-01
9.428571428571428381e-01
9.428571428571428381e-01
9.428571428571428381e-01
9.428571428571428381e-01
9.428571428571428381e-01
9.399999999999999467e-01
9.399999999999999467e-01
9.399999999999999467e-01
9.399999999999999467e-01
9.399999999999999467e-01
9.399999999999999467e-01
9.399999999999999467e-01
9.399999999999999467e-01
9.399999999999999467e-01
9.399999999999999467e-01
9.399999999999999467e-01
9.399999999999999467e-01
9.399999999999999467e-01
9.399999999999999467e-01
9.399999999999999467e-01
9.399999999999999467e-01
9.399999999999999467e-01
9.399999999999999467e-01
9.399999999999999467e-01
9.399999999999999467e-01
9.371428571428571663e-01
9.371428571428571663e-01
9.371428571428571663e-01
9.371428571428571663e-01
9.371428571428571663e-01
9.371428571428571663e-01
9.371428571428571663e-01
9.371428571428571663e-01
9.342857142857142749e-01
9.342857142857142749e-01
9.342857142857142749e-01
9.342857142857142749e-01
9.342857142857142749e-01
9.342857142857142749e-01
9.342857142857142749e-01
9.342857142857142749e-01
9.314285714285713835e-01
9.285714285714286031e-01
9.285714285714286031e-01
9.285714285714286031e-01
9.285714285714286031e-01
9.285714285714286031e-01
9.285714285714286031e-01
9.257142857142857117e-01
9.257142857142857117e-01
9.257142857142857117e-01
9.257142857142857117e-01
9.257142857142857117e-01
9.257142857142857117e-01
9.257142857142857117e-01
9.257142857142857117e-01
9.228571428571428203e-01
9.228571428571428203e-01
9.228571428571428203e-01
9.228571428571428203e-01
9.200000000000000400e-01
9.200000000000000400e-01
9.200000000000000400e-01
9.200000000000000400e-01
9.200000000000000400e-01
9.171428571428571486e-01
9.142857142857142572e-01
9.142857142857142572e-01
9.114285714285714768e-01
9.114285714285714768e-01
9.114285714285714768e-01
9.085714285714285854e-01
9.085714285714285854e-01
9.085714285714285854e-01
9.057142857142856940e-01
9.028571428571428026e-01
9.000000000000000222e-01
9.000000000000000222e-01
9.000000000000000222e-01
9.000000000000000222e-01
8.971428571428571308e-01
8.942857142857142394e-01
8.914285714285714590e-01
8.914285714285714590e-01
8.885714285714285676e-01
8.857142857142856762e-01
8.857142857142856762e-01
8.828571428571428958e-01
8.828571428571428958e-01
8.800000000000000044e-01
8.800000000000000044e-01
8.771428571428571130e-01
8.742857142857143327e-01
8.742857142857143327e-01
8.742857142857143327e-01
8.714285714285714413e-01
8.714285714285714413e-01
8.714285714285714413e-01
8.685714285714285499e-01
8.657142857142857695e-01
8.628571428571428781e-01
8.599999999999999867e-01
8.571428571428570953e-01
8.571428571428570953e-01
8.571428571428570953e-01
8.542857142857143149e-01
8.542857142857143149e-01
8.542857142857143149e-01
8.514285714285714235e-01
8.485714285714285321e-01
8.485714285714285321e-01
8.485714285714285321e-01
8.485714285714285321e-01
8.457142857142857517e-01
8.457142857142857517e-01
8.428571428571428603e-01
8.399999999999999689e-01
8.399999999999999689e-01
8.399999999999999689e-01
8.371428571428571885e-01
8.371428571428571885e-01
8.371428571428571885e-01
8.342857142857142971e-01
8.314285714285714057e-01
8.285714285714286254e-01
8.285714285714286254e-01
8.285714285714286254e-01
8.285714285714286254e-01
8.285714285714286254e-01
8.257142857142857340e-01
8.228571428571428426e-01
8.199999999999999512e-01
8.171428571428571708e-01
8.171428571428571708e-01
8.171428571428571708e-01
8.171428571428571708e-01
8.171428571428571708e-01
8.171428571428571708e-01
8.171428571428571708e-01
8.142857142857142794e-01
8.114285714285713880e-01
8.114285714285713880e-01
8.114285714285713880e-01
8.114285714285713880e-01
8.085714285714286076e-01
8.057142857142857162e-01
8.028571428571428248e-01
8.000000000000000444e-01
8.000000000000000444e-01
8.000000000000000444e-01
7.971428571428571530e-01
7.942857142857142616e-01
7.942857142857142616e-01
7.914285714285714812e-01
7.914285714285714812e-01
7.914285714285714812e-01
7.914285714285714812e-01
7.914285714285714812e-01
7.885714285714285898e-01
7.857142857142856984e-01
7.828571428571428070e-01
7.828571428571428070e-01
7.828571428571428070e-01
7.828571428571428070e-01
7.828571428571428070e-01
7.800000000000000266e-01
7.771428571428571352e-01
7.742857142857142438e-01
7.714285714285714635e-01
7.714285714285714635e-01
7.714285714285714635e-01
7.685714285714285721e-01
7.657142857142856807e-01
7.628571428571429003e-01
7.600000000000000089e-01
7.571428571428571175e-01
7.542857142857143371e-01
7.514285714285714457e-01
7.485714285714285543e-01
7.485714285714285543e-01
7.457142857142856629e-01
7.428571428571428825e-01
7.399999999999999911e-01
7.371428571428570997e-01
7.371428571428570997e-01
7.342857142857143193e-01
7.314285714285714279e-01
7.285714285714285365e-01
7.257142857142857562e-01
7.228571428571428648e-01
7.199999999999999734e-01
7.171428571428571930e-01
7.142857142857143016e-01
7.114285714285714102e-01
7.085714285714285188e-01
7.085714285714285188e-01
7.057142857142857384e-01
7.028571428571428470e-01
7.028571428571428470e-01
6.971428571428571752e-01
6.971428571428571752e-01
6.942857142857142838e-01
6.914285714285713924e-01
6.914285714285713924e-01
6.885714285714286120e-01
6.857142857142857206e-01
6.857142857142857206e-01
6.857142857142857206e-01
6.857142857142857206e-01
6.828571428571428292e-01
6.828571428571428292e-01
6.800000000000000488e-01
6.771428571428571574e-01
6.771428571428571574e-01
6.742857142857142660e-01
6.742857142857142660e-01
6.742857142857142660e-01
6.714285714285713746e-01
6.685714285714285943e-01
6.657142857142857029e-01
6.657142857142857029e-01
6.628571428571428115e-01
6.600000000000000311e-01
6.600000000000000311e-01
6.571428571428571397e-01
6.571428571428571397e-01
6.542857142857142483e-01
6.514285714285714679e-01
6.485714285714285765e-01
6.457142857142856851e-01
6.457142857142856851e-01
6.428571428571429047e-01
6.400000000000000133e-01
6.371428571428571219e-01
6.342857142857142305e-01
6.342857142857142305e-01
6.314285714285714501e-01
6.285714285714285587e-01
6.257142857142856673e-01
6.228571428571428870e-01
6.199999999999999956e-01
6.171428571428571042e-01
6.142857142857143238e-01
6.114285714285714324e-01
6.085714285714285410e-01
6.057142857142857606e-01
6.057142857142857606e-01
6.028571428571428692e-01
5.999999999999999778e-01
5.971428571428571974e-01
5.942857142857143060e-01
5.942857142857143060e-01
5.914285714285714146e-01
5.914285714285714146e-01
5.914285714285714146e-01
5.885714285714285232e-01
5.857142857142857428e-01
5.828571428571428514e-01
5.828571428571428514e-01
5.799999999999999600e-01
5.771428571428571797e-01
5.742857142857142883e-01
5.714285714285713969e-01
5.714285714285713969e-01
5.685714285714286165e-01
5.657142857142857251e-01
5.628571428571428337e-01
5.600000000000000533e-01
5.571428571428571619e-01
5.542857142857142705e-01
5.514285714285713791e-01
5.485714285714285987e-01
5.485714285714285987e-01
5.485714285714285987e-01
5.485714285714285987e-01
5.457142857142857073e-01
5.428571428571428159e-01
5.400000000000000355e-01
5.371428571428571441e-01
5.342857142857142527e-01
5.314285714285714723e-01
5.285714285714285809e-01
5.257142857142856895e-01
5.228571428571429092e-01
5.200000000000000178e-01
5.200000000000000178e-01
5.200000000000000178e-01
5.171428571428571264e-01
5.142857142857142350e-01
5.114285714285714546e-01
5.114285714285714546e-01
5.085714285714285632e-01
5.085714285714285632e-01
5.057142857142856718e-01
5.028571428571428914e-01
5.028571428571428914e-01
5.000000000000000000e-01
4.971428571428571641e-01
4.971428571428571641e-01
4.942857142857142727e-01
4.942857142857142727e-01
4.914285714285714368e-01
4.885714285714285454e-01
4.857142857142857095e-01
4.857142857142857095e-01
4.828571428571428736e-01
4.799999999999999822e-01
4.771428571428571463e-01
4.742857142857143105e-01
4.714285714285714191e-01
4.714285714285714191e-01
4.685714285714285832e-01
4.657142857142856918e-01
4.657142857142856918e-01
4.628571428571428559e-01
4.600000000000000200e-01
4.600000000000000200e-01
4.571428571428571286e-01
4.542857142857142927e-01
4.514285714285714013e-01
4.485714285714285654e-01
4.457142857142857295e-01
4.428571428571428381e-01
4.400000000000000022e-01
4.371428571428571663e-01
4.342857142857142749e-01
4.257142857142857117e-01
4.228571428571428759e-01
4.199999999999999845e-01
4.171428571428571486e-01
4.142857142857143127e-01
4.114285714285714213e-01
4.114285714285714213e-01
4.114285714285714213e-01
4.085714285714285854e-01
4.057142857142856940e-01
4.028571428571428581e-01
4.028571428571428581e-01
4.000000000000000222e-01
3.971428571428571308e-01
3.942857142857142949e-01
3.914285714285714035e-01
3.885714285714285676e-01
3.857142857142857317e-01
3.857142857142857317e-01
3.828571428571428403e-01
3.800000000000000044e-01
3.771428571428571686e-01
3.742857142857142771e-01
3.685714285714285499e-01
3.657142857142857140e-01
3.628571428571428781e-01
3.628571428571428781e-01
3.599999999999999867e-01
3.571428571428571508e-01
3.542857142857142594e-01
3.514285714285714235e-01
3.485714285714285876e-01
3.457142857142856962e-01
3.428571428571428603e-01
3.428571428571428603e-01
3.400000000000000244e-01
3.371428571428571330e-01
3.342857142857142971e-01
3.314285714285714057e-01
3.314285714285714057e-01
3.285714285714285698e-01
3.257142857142857340e-01
3.257142857142857340e-01
3.228571428571428426e-01
3.200000000000000067e-01
3.171428571428571153e-01
3.142857142857142794e-01
3.114285714285714435e-01
3.085714285714285521e-01
3.085714285714285521e-01
3.057142857142857162e-01
3.028571428571428803e-01
2.999999999999999889e-01
2.971428571428571530e-01
2.942857142857142616e-01
2.914285714285714257e-01
2.885714285714285898e-01
2.857142857142856984e-01
2.828571428571428625e-01
2.800000000000000266e-01
2.771428571428571352e-01
2.771428571428571352e-01
2.742857142857142994e-01
2.714285714285714080e-01
2.685714285714285721e-01
2.657142857142857362e-01
2.628571428571428448e-01
2.628571428571428448e-01
2.600000000000000089e-01
2.571428571428571175e-01
2.542857142857142816e-01
2.514285714285714457e-01
2.485714285714285821e-01
2.457142857142857184e-01
2.428571428571428548e-01
2.399999999999999911e-01
2.371428571428571552e-01
2.342857142857142916e-01
2.314285714285714279e-01
2.314285714285714279e-01
2.285714285714285643e-01
2.257142857142857006e-01
2.228571428571428648e-01
2.200000000000000011e-01
2.171428571428571375e-01
2.171428571428571375e-01
2.142857142857142738e-01
2.114285714285714379e-01
2.085714285714285743e-01
2.057142857142857106e-01
2.028571428571428470e-01
2.000000000000000111e-01
1.971428571428571475e-01
1.942857142857142838e-01
1.914285714285714202e-01
1.885714285714285843e-01
1.857142857142857206e-01
1.828571428571428570e-01
1.799999999999999933e-01
1.771428571428571297e-01
1.742857142857142938e-01
1.742857142857142938e-01
1.714285714285714302e-01
1.685714285714285665e-01
1.657142857142857029e-01
1.628571428571428670e-01
1.600000000000000033e-01
1.571428571428571397e-01
1.542857142857142760e-01
1.514285714285714401e-01
1.485714285714285765e-01
1.457142857142857129e-01
1.428571428571428492e-01
1.400000000000000133e-01
1.371428571428571497e-01
1.342857142857142860e-01
1.314285714285714224e-01
1.285714285714285587e-01
1.257142857142857229e-01
1.228571428571428592e-01
1.199999999999999956e-01
1.171428571428571458e-01
1.142857142857142821e-01
1.114285714285714324e-01
1.085714285714285687e-01
1.057142857142857190e-01
1.028571428571428553e-01
1.000000000000000056e-01
9.714285714285714191e-02
9.428571428571429214e-02
9.142857142857142849e-02
8.857142857142856485e-02
8.571428571428571508e-02
8.285714285714285143e-02
8.000000000000000167e-02
7.428571428571428825e-02
7.142857142857142461e-02
6.857142857142857484e-02
6.571428571428571119e-02
6.285714285714286143e-02
5.999999999999999778e-02
5.714285714285714107e-02
5.428571428571428437e-02
5.428571428571428437e-02
5.142857142857142766e-02
4.857142857142857095e-02
4.571428571428571425e-02
4.285714285714285754e-02
4.000000000000000083e-02
3.714285714285714413e-02
3.428571428571428742e-02
3.142857142857143071e-02
3.142857142857143071e-02
2.857142857142857054e-02
2.571428571428571383e-02
2.285714285714285712e-02
2.000000000000000042e-02
1.714285714285714371e-02
1.428571428571428527e-02
1.142857142857142856e-02
8.571428571428571855e-03
5.714285714285714281e-03
2.857142857142857140e-03
0.000000000000000000e+00
