0.000000000000000000e+00
2.857142857142857140e-03
2.857142857142857140e-03
5.714285714285714281e-03
5.714285714285714281e-03
8.571428571428571855e-03
8.571428571428571855e-03
1.142857142857142856e-02
1.142857142857142856e-02
1.428571428571428527e-02
1.428571428571428527e-02
1.714285714285714371e-02
1.714285714285714371e-02
2.285714285714285712e-02
2.285714285714285712e-02
2.571428571428571383e-02
2.571428571428571383e-02
2.857142857142857054e-02
2.857142857142857054e-02
4.000000000000000083e-02
4.000000000000000083e-02
4.285714285714285754e-02
4.285714285714285754e-02
4.571428571428571425e-02
4.571428571428571425e-02
5.142857142857142766e-02
5.142857142857142766e-02
5.428571428571428437e-02
5.428571428571428437e-02
5.714285714285714107e-02
5.714285714285714107e-02
6.285714285714286143e-02
6.285714285714286143e-02
6.571428571428571119e-02
6.571428571428571119e-02
6.857142857142857484e-02
6.857142857142857484e-02
7.142857142857142461e-02
7.142857142857142461e-02
7.428571428571428825e-02
7.428571428571428825e-02
8.000000000000000167e-02
8.000000000000000167e-02
8.285714285714285143e-02
8.285714285714285143e-02
8.571428571428571508e-02
8.571428571428571508e-02
9.142857142857142849e-02
9.142857142857142849e-02
9.714285714285714191e-02
9.714285714285714191e-02
1.000000000000000056e-01
1.000000000000000056e-01
1.028571428571428553e-01
1.028571428571428553e-01
1.057142857142857190e-01
1.057142857142857190e-01
1.085714285714285687e-01
1.085714285714285687e-01
1.114285714285714324e-01
1.114285714285714324e-01
1.142857142857142821e-01
1.142857142857142821e-01
1.171428571428571458e-01
1.171428571428571458e-01
1.199999999999999956e-01
1.199999999999999956e-01
1.228571428571428592e-01
1.228571428571428592e-01
1.257142857142857229e-01
1.257142857142857229e-01
1.285714285714285587e-01
1.285714285714285587e-01
1.314285714285714224e-01
1.314285714285714224e-01
1.342857142857142860e-01
1.342857142857142860e-01
1.371428571428571497e-01
1.371428571428571497e-01
1.400000000000000133e-01
1.400000000000000133e-01
1.428571428571428492e-01
1.428571428571428492e-01
1.457142857142857129e-01
1.457142857142857129e-01
1.485714285714285765e-01
1.485714285714285765e-01
1.514285714285714401e-01
1.514285714285714401e-01
1.542857142857142760e-01
1.542857142857142760e-01
1.628571428571428670e-01
1.628571428571428670e-01
1.685714285714285665e-01
1.685714285714285665e-01
1.714285714285714302e-01
1.714285714285714302e-01
1.742857142857142938e-01
1.742857142857142938e-01
1.771428571428571297e-01
1.771428571428571297e-01
1.828571428571428570e-01
1.828571428571428570e-01
1.857142857142857206e-01
1.857142857142857206e-01
1.914285714285714202e-01
1.914285714285714202e-01
1.971428571428571475e-01
1.971428571428571475e-01
2.000000000000000111e-01
2.000000000000000111e-01
2.028571428571428470e-01
2.028571428571428470e-01
2.057142857142857106e-01
2.057142857142857106e-01
2.085714285714285743e-01
2.085714285714285743e-01
2.114285714285714379e-01
2.114285714285714379e-01
2.142857142857142738e-01
2.142857142857142738e-01
2.171428571428571375e-01
2.171428571428571375e-01
2.200000000000000011e-01
2.200000000000000011e-01
2.257142857142857006e-01
2.257142857142857006e-01
2.285714285714285643e-01
2.285714285714285643e-01
2.342857142857142916e-01
2.342857142857142916e-01
2.371428571428571552e-01
2.371428571428571552e-01
2.399999999999999911e-01
2.399999999999999911e-01
2.428571428571428548e-01
2.428571428571428548e-01
2.457142857142857184e-01
2.457142857142857184e-01
2.485714285714285821e-01
2.485714285714285821e-01
2.514285714285714457e-01
2.514285714285714457e-01
2.542857142857142816e-01
2.542857142857142816e-01
2.600000000000000089e-01
2.600000000000000089e-01
2.628571428571428448e-01
2.628571428571428448e-01
2.657142857142857362e-01
2.657142857142857362e-01
2.685714285714285721e-01
2.685714285714285721e-01
2.742857142857142994e-01
2.742857142857142994e-01
2.771428571428571352e-01
2.771428571428571352e-01
2.800000000000000266e-01
2.800000000000000266e-01
2.885714285714285898e-01
2.885714285714285898e-01
3.057142857142857162e-01
3.057142857142857162e-01
3.085714285714285521e-01
3.085714285714285521e-01
3.114285714285714435e-01
3.114285714285714435e-01
3.228571428571428426e-01
3.228571428571428426e-01
3.285714285714285698e-01
3.285714285714285698e-01
3.314285714285714057e-01
3.314285714285714057e-01
3.371428571428571330e-01
3.371428571428571330e-01
3.485714285714285876e-01
3.485714285714285876e-01
3.514285714285714235e-01
3.514285714285714235e-01
3.571428571428571508e-01
3.571428571428571508e-01
3.742857142857142771e-01
3.742857142857142771e-01
3.771428571428571686e-01
3.771428571428571686e-01
3.885714285714285676e-01
3.885714285714285676e-01
4.000000000000000222e-01
4.000000000000000222e-01
4.028571428571428581e-01
4.028571428571428581e-01
4.057142857142856940e-01
4.057142857142856940e-01
4.114285714285714213e-01
4.114285714285714213e-01
4.142857142857143127e-01
4.142857142857143127e-01
4.199999999999999845e-01
4.199999999999999845e-01
4.228571428571428759e-01
4.228571428571428759e-01
4.571428571428571286e-01
4.571428571428571286e-01
4.600000000000000200e-01
4.600000000000000200e-01
4.685714285714285832e-01
4.685714285714285832e-01
4.771428571428571463e-01
4.771428571428571463e-01
4.942857142857142727e-01
4.942857142857142727e-01
5.028571428571428914e-01
5.028571428571428914e-01
5.371428571428571441e-01
5.371428571428571441e-01
5.457142857142857073e-01
5.457142857142857073e-01
5.571428571428571619e-01
5.571428571428571619e-01
5.600000000000000533e-01
5.600000000000000533e-01
5.628571428571428337e-01
5.628571428571428337e-01
5.857142857142857428e-01
5.857142857142857428e-01
5.914285714285714146e-01
5.914285714285714146e-01
6.114285714285714324e-01
6.114285714285714324e-01
6.342857142857142305e-01
6.342857142857142305e-01
6.400000000000000133e-01
6.400000000000000133e-01
6.600000000000000311e-01
6.600000000000000311e-01
6.714285714285713746e-01
6.714285714285713746e-01
6.742857142857142660e-01
6.742857142857142660e-01
7.028571428571428470e-01
7.028571428571428470e-01
7.142857142857143016e-01
7.142857142857143016e-01
7.171428571428571930e-01
7.171428571428571930e-01
8.000000000000000444e-01
8.000000000000000444e-01
8.428571428571428603e-01
8.428571428571428603e-01
8.457142857142857517e-01
8.457142857142857517e-01
8.714285714285714413e-01
8.714285714285714413e-01
1.000000000000000000e+00
