5.000000000000000000e-01
5.007153075822603494e-01
5.014326647564469885e-01
5.021520803443328962e-01
5.028735632183908288e-01
5.035971223021582510e-01
5.043227665706051521e-01
5.050505050505050830e-01
5.057803468208093012e-01
5.065123010130245795e-01
5.072463768115942351e-01
5.079825834542815999e-01
5.087209302325581550e-01
5.094614264919942181e-01
5.102040816326530726e-01
5.109489051094890932e-01
5.116959064327485374e-01
5.124450951683747757e-01
5.131964809384164106e-01
5.139500734214390576e-01
5.147058823529411242e-01
5.154639175257731409e-01
5.162241887905604232e-01
5.169867060561299521e-01
5.177514792899408080e-01
5.185185185185184897e-01
5.192878338278932304e-01
5.200594353640416445e-01
5.208333333333333703e-01
5.216095380029805995e-01
5.223880597014924909e-01
5.231689088191330272e-01
5.239520958083832003e-01
5.247376311844077490e-01
5.255255255255255609e-01
5.263157894736841813e-01
5.271084337349397630e-01
5.279034690799396801e-01
5.287009063444109147e-01
5.295007564296519975e-01
5.303030303030302761e-01
5.311077389984825148e-01
5.319148936170212671e-01
5.327245053272450237e-01
5.335365853658536883e-01
5.343511450381679406e-01
5.336391437308868335e-01
5.344563552833078157e-01
5.352760736196319202e-01
5.360983102918587262e-01
5.369230769230769473e-01
5.377503852080123270e-01
5.385802469135801962e-01
5.394126738794435827e-01
5.402476780185758720e-01
5.410852713178294637e-01
5.403726708074534368e-01
5.396578538102644318e-01
5.404984423676012506e-01
5.397815912636505509e-01
5.406250000000000222e-01
5.414710485133020779e-01
5.423197492163009947e-01
5.431711145996860335e-01
5.440251572327043927e-01
5.448818897637794922e-01
5.457413249211356954e-01
5.466034755134281387e-01
5.474683544303797778e-01
5.483359746434230964e-01
5.492063492063492536e-01
5.500794912559618943e-01
5.509554140127388422e-01
5.518341307814992325e-01
5.527156549520766404e-01
5.520000000000000462e-01
5.528846153846154188e-01
5.537720706260031989e-01
5.546623794212218739e-01
5.555555555555555802e-01
5.564516129032257563e-01
5.573505654281099009e-01
5.582524271844659935e-01
5.591572123176661302e-01
5.600649350649350433e-01
5.609756097560976151e-01
5.618892508143322750e-01
5.628058727569331676e-01
5.637254901960784270e-01
5.646481178396072220e-01
5.655737704918032405e-01
5.665024630541871664e-01
5.674342105263158187e-01
5.683690280065898381e-01
5.693069306930692575e-01
5.702479338842975087e-01
5.711920529801324253e-01
5.721393034825870139e-01
5.730897009966777755e-01
5.740432612312812433e-01
5.749999999999999556e-01
5.759599332220367573e-01
5.769230769230768718e-01
5.778894472361808532e-01
5.788590604026845332e-01
5.781512605042017361e-01
5.791245791245791530e-01
5.784148397976390799e-01
5.793918918918918859e-01
5.803722504230118817e-01
5.813559322033898802e-01
5.823429541595925851e-01
5.816326530612244694e-01
5.826235093696763290e-01
5.836177474402730603e-01
5.846153846153846478e-01
5.856164383561643927e-01
5.866209262435677640e-01
5.876288659793814650e-01
5.886402753872633786e-01
5.896551724137930606e-01
5.906735751295336678e-01
5.916955017301037678e-01
5.909878682842287789e-01
5.920138888888888395e-01
5.913043478260869845e-01
5.923344947735191823e-01
5.933682373472949356e-01
5.944055944055943730e-01
5.954465849387040599e-01
5.947368421052631193e-01
5.957820738137082905e-01
5.968309859154929953e-01
5.978835978835979059e-01
5.989399293286219450e-01
5.999999999999999778e-01
6.010638297872340496e-01
6.021314387211367247e-01
6.014234875444839368e-01
6.007130124777183555e-01
6.017857142857142572e-01
6.028622540250446749e-01
6.021505376344086224e-01
6.032315978456014305e-01
6.043165467625899456e-01
6.054054054054054390e-01
6.064981949458483346e-01
6.075949367088607778e-01
6.086956521739130821e-01
6.098003629764064959e-01
6.109090909090909571e-01
6.102003642987249288e-01
6.094890510948904883e-01
6.106032906764168322e-01
6.117216117216117688e-01
6.128440366972477404e-01
6.139705882352941568e-01
6.151012891344382894e-01
6.162361623616235962e-01
6.173752310536044785e-01
6.166666666666666963e-01
6.178107606679035246e-01
6.189591078066914998e-01
6.182495344506517831e-01
6.194029850746268773e-01
6.205607476635514042e-01
6.217228464419475298e-01
6.228893058161351082e-01
6.240601503759398705e-01
6.252354048964218203e-01
6.264150943396226134e-01
6.275992438563327003e-01
6.268939393939394478e-01
6.280834914611005404e-01
6.273764258555133422e-01
6.285714285714285587e-01
6.278625954198473469e-01
6.290630975143403081e-01
6.302681992337164640e-01
6.314779270633397168e-01
6.326923076923076650e-01
6.319845857418111557e-01
6.312741312741312338e-01
6.324951644100580417e-01
6.337209302325581550e-01
6.349514563106796183e-01
6.342412451361867376e-01
6.354775828460038634e-01
6.367187500000000000e-01
6.379647749510762855e-01
6.392156862745097534e-01
6.404715127701374744e-01
6.417322834645668994e-01
6.429980276134121819e-01
6.442687747035573675e-01
6.455445544554455628e-01
6.468253968253968589e-01
6.481113320079522344e-01
6.494023904382469903e-01
6.487025948103792850e-01
6.500000000000000222e-01
6.513026052104208263e-01
6.526104417670682833e-01
6.519114688128773150e-01
6.532258064516128782e-01
6.545454545454545414e-01
6.558704453441295268e-01
6.572008113590264156e-01
6.585365853658536883e-01
6.598778004073320158e-01
6.591836734693877764e-01
6.584867075664622149e-01
6.598360655737705027e-01
6.611909650924024939e-01
6.625514403292180887e-01
6.618556701030927636e-01
6.632231404958677246e-01
6.645962732919254989e-01
6.659751037344397995e-01
6.652806652806653176e-01
6.666666666666666297e-01
6.659707724425887321e-01
6.673640167364016662e-01
6.687631027253668758e-01
6.701680672268907069e-01
6.715789473684210531e-01
6.729957805907172963e-01
6.744186046511627675e-01
6.758474576271186196e-01
6.772823779193205551e-01
6.787234042553191848e-01
6.801705756929637969e-01
6.816239316239316448e-01
6.830835117773019771e-01
6.824034334763948717e-01
6.838709677419354538e-01
6.831896551724138122e-01
6.825053995680345764e-01
6.839826839826840255e-01
6.854663774403471077e-01
6.847826086956522174e-01
6.862745098039215730e-01
6.855895196506550660e-01
6.870897155361049835e-01
6.885964912280702066e-01
6.879120879120879106e-01
6.872246696035242408e-01
6.865342163355407923e-01
6.880530973451327581e-01
6.873614190687361569e-01
6.888888888888888840e-01
6.881959910913140188e-01
6.897321428571429047e-01
6.912751677852349008e-01
6.928251121076233199e-01
6.943820224719101653e-01
6.936936936936937137e-01
6.952595936794582210e-01
6.968325791855203288e-01
6.984126984126983739e-01
6.999999999999999556e-01
6.993166287015945004e-01
7.009132420091324089e-01
7.002288329519450460e-01
7.018348623853211121e-01
7.034482758620689280e-01
7.050691244239630784e-01
7.066974595842956397e-01
7.083333333333333703e-01
7.099767981438515063e-01
7.093023255813953876e-01
7.086247086247086102e-01
7.102803738317756688e-01
7.119437939110070390e-01
7.112676056338028685e-01
7.105882352941176316e-01
7.099056603773584717e-01
7.115839243498818245e-01
7.109004739336493017e-01
7.102137767220902953e-01
7.095238095238095566e-01
7.112171837708830546e-01
7.129186602870812850e-01
7.146282973621103096e-01
7.163461538461538547e-01
7.156626506024096335e-01
7.149758454106279748e-01
7.142857142857143016e-01
7.160194174757281704e-01
7.177615571776155834e-01
7.170731707317072878e-01
7.188264058679706414e-01
7.181372549019607865e-01
7.199017199017199165e-01
7.216748768472905917e-01
7.209876543209876587e-01
7.202970297029702706e-01
7.220843672456576101e-01
7.238805970149253532e-01
7.256857855361595888e-01
7.275000000000000355e-01
7.268170426065162504e-01
7.261306532663316382e-01
7.279596977329975127e-01
7.272727272727272929e-01
7.291139240506329111e-01
7.284263959390863130e-01
7.302798982188295485e-01
7.321428571428570953e-01
7.340153452685421742e-01
7.358974358974359475e-01
7.377892030848328675e-01
7.396907216494845727e-01
7.390180878552972121e-01
7.409326424870465999e-01
7.428571428571428825e-01
7.447916666666666297e-01
7.441253263707572341e-01
7.434554973821989599e-01
7.427821522309711044e-01
7.421052631578947123e-01
7.414248021108179598e-01
7.433862433862433727e-01
7.427055702917771951e-01
7.420212765957446832e-01
7.413333333333332886e-01
7.406417112299464867e-01
7.426273458445040720e-01
7.419354838709677491e-01
7.439353099730457997e-01
7.459459459459459874e-01
7.452574525745256917e-01
7.472826086956522174e-01
7.465940054495913136e-01
7.459016393442623460e-01
7.479452054794520910e-01
7.472527472527472625e-01
7.465564738292010949e-01
7.458563535911602038e-01
7.451523545706371099e-01
7.472222222222222321e-01
7.465181058495822253e-01
7.458100558659217505e-01
7.450980392156862919e-01
7.443820224719100986e-01
7.436619718309859239e-01
7.457627118644067910e-01
7.478753541076487155e-01
7.471590909090909394e-01
7.464387464387464144e-01
7.457142857142856629e-01
7.449856733524354846e-01
7.442528735632183423e-01
7.463976945244956696e-01
7.456647398843930796e-01
7.478260869565217517e-01
7.470930232558139483e-01
7.463556851311953233e-01
7.485380116959063912e-01
7.478005865102639316e-01
7.500000000000000000e-01
7.492625368731563595e-01
7.514792899408283544e-01
7.507418397626113293e-01
7.500000000000000000e-01
7.492537313432835466e-01
7.485029940119760639e-01
7.477477477477477708e-01
7.500000000000000000e-01
7.492447129909365344e-01
7.484848484848485306e-01
7.477203647416413856e-01
7.469512195121951192e-01
7.461773700305810442e-01
7.484662576687116653e-01
7.476923076923076561e-01
7.500000000000000000e-01
7.523219814241486336e-01
7.515527950310558758e-01
7.507788161993769194e-01
7.500000000000000000e-01
7.492163009404388951e-01
7.515723270440252124e-01
7.507886435331230235e-01
7.500000000000000000e-01
7.492063492063492092e-01
7.484076433121018557e-01
7.476038338658147486e-01
7.467948717948718063e-01
7.459807073954983769e-01
7.451612903225806051e-01
7.475728155339805836e-01
7.500000000000000000e-01
7.491856677524429964e-01
7.516339869281045694e-01
7.508196721311475308e-01
7.500000000000000000e-01
7.524752475247524774e-01
7.516556291390728006e-01
7.508305647840531893e-01
7.500000000000000000e-01
7.491638795986621524e-01
7.516778523489933139e-01
7.508417508417508657e-01
7.500000000000000000e-01
7.491525423728813138e-01
7.482993197278912101e-01
7.508532423208190698e-01
7.500000000000000000e-01
7.491408934707903811e-01
7.482758620689655693e-01
7.474048442906574552e-01
7.500000000000000000e-01
7.491289198606271293e-01
7.517482517482517723e-01
7.508771929824561431e-01
7.500000000000000000e-01
7.491166077738515838e-01
7.517730496453900457e-01
7.508896797153025160e-01
7.535714285714285587e-01
7.526881720430107503e-01
7.553956834532373765e-01
7.581227436823104737e-01
7.572463768115942351e-01
7.600000000000000089e-01
7.627737226277372384e-01
7.619047619047618625e-01
7.610294117647058432e-01
7.601476014760147892e-01
7.629629629629629539e-01
7.620817843866171115e-01
7.611940298507462455e-01
7.640449438202246979e-01
7.669172932330826642e-01
7.660377358490566557e-01
7.651515151515151381e-01
7.680608365019011563e-01
7.671755725190839703e-01
7.662835249042145858e-01
7.692307692307692735e-01
7.683397683397683586e-01
7.674418604651163101e-01
7.665369649805447994e-01
7.656250000000000000e-01
7.647058823529411242e-01
7.637795275590550936e-01
7.628458498023715784e-01
7.658730158730159276e-01
7.649402390438246879e-01
7.680000000000000160e-01
7.710843373493976305e-01
7.701612903225806273e-01
7.692307692307692735e-01
7.682926829268292845e-01
7.673469387755101900e-01
7.704918032786884918e-01
7.736625514403292492e-01
7.768595041322313710e-01
7.759336099585062430e-01
7.791666666666666741e-01
7.782426778242678145e-01
7.773109243697479132e-01
7.763713080168775926e-01
7.754237288135593653e-01
7.787234042553191626e-01
7.777777777777777901e-01
7.768240343347639909e-01
7.758620689655172376e-01
7.748917748917748538e-01
7.739130434782608425e-01
7.729257641921397637e-01
7.763157894736841813e-01
7.753303964757709554e-01
7.743362831858406903e-01
7.777777777777777901e-01
7.767857142857143016e-01
7.757847533632287185e-01
7.792792792792793133e-01
7.782805429864253499e-01
7.772727272727272263e-01
7.762557077625570345e-01
7.752293577981651529e-01
7.788018433179723088e-01
7.777777777777777901e-01
7.767441860465116310e-01
7.803738317757009657e-01
7.793427230046948706e-01
7.783018867924528239e-01
7.772511848341232543e-01
7.761904761904762085e-01
7.751196172248804306e-01
7.740384615384615641e-01
7.729468599033816334e-01
7.718446601941747476e-01
7.707317073170731891e-01
7.745098039215686514e-01
7.733990147783251778e-01
7.722772277227722970e-01
7.711442786069652167e-01
7.700000000000000178e-01
7.688442211055276365e-01
7.676767676767676241e-01
7.664974619289339763e-01
7.653061224489795533e-01
7.641025641025640525e-01
7.680412371134021088e-01
7.668393782383419177e-01
7.656250000000000000e-01
7.643979057591623327e-01
7.631578947368421462e-01
7.671957671957672087e-01
7.659574468085106336e-01
7.647058823529411242e-01
7.634408602150537515e-01
7.675675675675676102e-01
7.663043478260869179e-01
7.650273224043715459e-01
7.637362637362636875e-01
7.624309392265193885e-01
7.611111111111110716e-01
7.597765363128491378e-01
7.640449438202246979e-01
7.627118644067796271e-01
7.613636363636363535e-01
7.600000000000000089e-01
7.586206896551723755e-01
7.630057803468207611e-01
7.616279069767442067e-01
7.602339181286549286e-01
7.588235294117646745e-01
7.633136094674556338e-01
7.619047619047618625e-01
7.604790419161676640e-01
7.590361445783132543e-01
7.575757575757575690e-01
7.560975609756097615e-01
7.546012269938650041e-01
7.592592592592593004e-01
7.577639751552794900e-01
7.562499999999999778e-01
7.610062893081761537e-01
7.594936708860760000e-01
7.643312101910828549e-01
7.628205128205127750e-01
7.612903225806451069e-01
7.662337662337662669e-01
7.647058823529411242e-01
7.697368421052631637e-01
7.682119205298013620e-01
7.733333333333333171e-01
7.718120805369127480e-01
7.702702702702702853e-01
7.687074829931972442e-01
7.671232876712328341e-01
7.724137931034482651e-01
7.777777777777777901e-01
7.762237762237762517e-01
7.746478873239436291e-01
7.730496453900709275e-01
7.785714285714285809e-01
7.841726618705036067e-01
7.826086956521739468e-01
7.810218978102190235e-01
7.867647058823529216e-01
7.851851851851852082e-01
7.910447761194029370e-01
7.894736842105263275e-01
7.878787878787878451e-01
7.862595419847328015e-01
7.923076923076922684e-01
7.984496124031007502e-01
7.968750000000000000e-01
7.952755905511811330e-01
7.936507936507936067e-01
7.920000000000000373e-01
7.903225806451612545e-01
7.886178861788617489e-01
7.868852459016393297e-01
7.933884297520661377e-01
7.916666666666666297e-01
7.899159663865545911e-01
7.966101694915254106e-01
7.948717948717948234e-01
7.931034482758620996e-01
7.913043478260869401e-01
7.894736842105263275e-01
7.876106194690265516e-01
7.857142857142856984e-01
7.927927927927927998e-01
7.909090909090908950e-01
7.981651376146788879e-01
7.962962962962962798e-01
7.943925233644859585e-01
7.924528301886792914e-01
8.000000000000000444e-01
8.076923076923077094e-01
8.058252427184465772e-01
8.137254901960784270e-01
8.118811881188119361e-01
8.100000000000000533e-01
8.080808080808080662e-01
8.061224489795918435e-01
8.041237113402062153e-01
8.020833333333333703e-01
8.000000000000000444e-01
7.978723404255319007e-01
7.956989247311827551e-01
8.043478260869565410e-01
8.021978021978022344e-01
8.000000000000000444e-01
8.089887640449437978e-01
8.181818181818182323e-01
8.160919540229885083e-01
8.139534883720930258e-01
8.117647058823529438e-01
8.095238095238095344e-01
8.072289156626506479e-01
8.048780487804878536e-01
8.024691358024691468e-01
8.000000000000000444e-01
7.974683544303797778e-01
7.948717948717948234e-01
7.922077922077922496e-01
7.894736842105263275e-01
7.866666666666666252e-01
7.837837837837837718e-01
7.945205479452054353e-01
7.916666666666666297e-01
7.887323943661971315e-01
7.857142857142856984e-01
7.826086956521739468e-01
7.794117647058823595e-01
7.761194029850746468e-01
7.727272727272727071e-01
7.846153846153846034e-01
7.812500000000000000e-01
7.777777777777777901e-01
7.903225806451612545e-01
8.032786885245901676e-01
8.166666666666666519e-01
8.305084745762711940e-01
8.275862068965517127e-01
8.245614035087719396e-01
8.214285714285713969e-01
8.181818181818182323e-01
8.148148148148147696e-01
8.113207547169811740e-01
8.076923076923077094e-01
8.235294117647058432e-01
8.199999999999999512e-01
8.163265306122449161e-01
8.125000000000000000e-01
8.085106382978722861e-01
8.043478260869565410e-01
8.000000000000000444e-01
8.181818181818182323e-01
8.139534883720930258e-01
8.095238095238095344e-01
8.048780487804878536e-01
8.249999999999999556e-01
8.461538461538461453e-01
8.421052631578946901e-01
8.378378378378378288e-01
8.333333333333333703e-01
8.285714285714286254e-01
8.235294117647058432e-01
8.181818181818182323e-01
8.125000000000000000e-01
8.387096774193548709e-01
8.333333333333333703e-01
8.275862068965517127e-01
8.214285714285713969e-01
8.148148148148147696e-01
8.461538461538461453e-01
8.399999999999999689e-01
8.333333333333333703e-01
8.260869565217391353e-01
8.636363636363636465e-01
8.571428571428570953e-01
8.499999999999999778e-01
8.421052631578946901e-01
8.333333333333333703e-01
8.235294117647058432e-01
8.125000000000000000e-01
8.000000000000000444e-01
7.857142857142856984e-01
7.692307692307692735e-01
7.500000000000000000e-01
7.272727272727272929e-01
8.000000000000000444e-01
7.777777777777777901e-01
7.500000000000000000e-01
7.142857142857143016e-01
8.333333333333333703e-01
8.000000000000000444e-01
7.500000000000000000e-01
6.666666666666666297e-01
5.000000000000000000e-01
0.000000000000000000e+00
1.000000000000000000e+00
