0.000000000000000000e+00
0.000000000000000000e+00
1.428571428571428527e-02
1.428571428571428527e-02
2.285714285714285712e-02
2.285714285714285712e-02
5.428571428571428437e-02
5.428571428571428437e-02
6.285714285714286143e-02
6.285714285714286143e-02
7.428571428571428825e-02
7.428571428571428825e-02
9.428571428571429214e-02
9.428571428571429214e-02
1.028571428571428553e-01
1.028571428571428553e-01
1.199999999999999956e-01
1.199999999999999956e-01
1.400000000000000133e-01
1.400000000000000133e-01
1.457142857142857129e-01
1.457142857142857129e-01
1.657142857142857029e-01
1.657142857142857029e-01
2.057142857142857106e-01
2.057142857142857106e-01
2.114285714285714379e-01
2.114285714285714379e-01
2.371428571428571552e-01
2.371428571428571552e-01
2.399999999999999911e-01
2.399999999999999911e-01
2.485714285714285821e-01
2.485714285714285821e-01
2.514285714285714457e-01
2.514285714285714457e-01
2.685714285714285721e-01
2.685714285714285721e-01
2.742857142857142994e-01
2.742857142857142994e-01
2.942857142857142616e-01
2.942857142857142616e-01
3.028571428571428803e-01
3.028571428571428803e-01
3.057142857142857162e-01
3.057142857142857162e-01
3.114285714285714435e-01
3.114285714285714435e-01
3.200000000000000067e-01
3.200000000000000067e-01
3.314285714285714057e-01
3.314285714285714057e-01
3.342857142857142971e-01
3.342857142857142971e-01
3.371428571428571330e-01
3.371428571428571330e-01
3.428571428571428603e-01
3.428571428571428603e-01
3.457142857142856962e-01
3.457142857142856962e-01
3.514285714285714235e-01
3.514285714285714235e-01
3.685714285714285499e-01
3.685714285714285499e-01
3.771428571428571686e-01
3.771428571428571686e-01
3.885714285714285676e-01
3.885714285714285676e-01
4.057142857142856940e-01
4.057142857142856940e-01
4.142857142857143127e-01
4.142857142857143127e-01
4.257142857142857117e-01
4.257142857142857117e-01
4.514285714285714013e-01
4.514285714285714013e-01
4.771428571428571463e-01
4.771428571428571463e-01
4.828571428571428736e-01
4.828571428571428736e-01
4.942857142857142727e-01
4.942857142857142727e-01
5.000000000000000000e-01
5.000000000000000000e-01
5.057142857142856718e-01
5.057142857142856718e-01
5.228571428571429092e-01
5.228571428571429092e-01
5.342857142857142527e-01
5.342857142857142527e-01
5.371428571428571441e-01
5.371428571428571441e-01
5.485714285714285987e-01
5.485714285714285987e-01
5.514285714285713791e-01
5.514285714285713791e-01
5.714285714285713969e-01
5.714285714285713969e-01
5.771428571428571797e-01
5.771428571428571797e-01
5.828571428571428514e-01
5.828571428571428514e-01
5.885714285714285232e-01
5.885714285714285232e-01
5.971428571428571974e-01
5.971428571428571974e-01
5.999999999999999778e-01
5.999999999999999778e-01
6.028571428571428692e-01
6.028571428571428692e-01
6.057142857142857606e-01
6.057142857142857606e-01
6.142857142857143238e-01
6.142857142857143238e-01
6.171428571428571042e-01
6.171428571428571042e-01
6.285714285714285587e-01
6.285714285714285587e-01
6.400000000000000133e-01
6.400000000000000133e-01
6.514285714285714679e-01
6.514285714285714679e-01
6.571428571428571397e-01
6.571428571428571397e-01
6.600000000000000311e-01
6.600000000000000311e-01
6.828571428571428292e-01
6.828571428571428292e-01
6.942857142857142838e-01
6.942857142857142838e-01
6.971428571428571752e-01
6.971428571428571752e-01
7.114285714285714102e-01
7.114285714285714102e-01
7.257142857142857562e-01
7.257142857142857562e-01
7.285714285714285365e-01
7.285714285714285365e-01
7.314285714285714279e-01
7.314285714285714279e-01
7.371428571428570997e-01
7.371428571428570997e-01
7.399999999999999911e-01
7.399999999999999911e-01
7.542857142857143371e-01
7.542857142857143371e-01
7.685714285714285721e-01
7.685714285714285721e-01
7.800000000000000266e-01
7.800000000000000266e-01
7.857142857142856984e-01
7.857142857142856984e-01
7.885714285714285898e-01
7.885714285714285898e-01
7.914285714285714812e-01
7.914285714285714812e-01
8.028571428571428248e-01
8.028571428571428248e-01
8.171428571428571708e-01
8.171428571428571708e-01
8.199999999999999512e-01
8.199999999999999512e-01
8.228571428571428426e-01
8.228571428571428426e-01
8.257142857142857340e-01
8.257142857142857340e-01
8.314285714285714057e-01
8.314285714285714057e-01
8.371428571428571885e-01
8.371428571428571885e-01
8.399999999999999689e-01
8.399999999999999689e-01
8.428571428571428603e-01
8.428571428571428603e-01
8.514285714285714235e-01
8.514285714285714235e-01
8.599999999999999867e-01
8.599999999999999867e-01
8.685714285714285499e-01
8.685714285714285499e-01
8.742857142857143327e-01
8.742857142857143327e-01
8.771428571428571130e-01
8.771428571428571130e-01
8.800000000000000044e-01
8.800000000000000044e-01
8.828571428571428958e-01
8.828571428571428958e-01
8.857142857142856762e-01
8.857142857142856762e-01
8.885714285714285676e-01
8.885714285714285676e-01
8.971428571428571308e-01
8.971428571428571308e-01
9.000000000000000222e-01
9.000000000000000222e-01
9.028571428571428026e-01
9.028571428571428026e-01
9.085714285714285854e-01
9.085714285714285854e-01
9.114285714285714768e-01
9.114285714285714768e-01
9.142857142857142572e-01
9.142857142857142572e-01
9.171428571428571486e-01
9.171428571428571486e-01
9.200000000000000400e-01
9.200000000000000400e-01
9.257142857142857117e-01
9.257142857142857117e-01
9.285714285714286031e-01
9.285714285714286031e-01
9.314285714285713835e-01
9.314285714285713835e-01
9.342857142857142749e-01
9.342857142857142749e-01
9.399999999999999467e-01
9.399999999999999467e-01
9.428571428571428381e-01
9.428571428571428381e-01
9.457142857142857295e-01
9.457142857142857295e-01
9.485714285714286209e-01
9.485714285714286209e-01
9.514285714285714013e-01
9.514285714285714013e-01
9.542857142857142927e-01
9.542857142857142927e-01
9.599999999999999645e-01
9.599999999999999645e-01
9.628571428571428559e-01
9.628571428571428559e-01
9.685714285714285277e-01
9.685714285714285277e-01
9.714285714285714191e-01
9.714285714285714191e-01
9.742857142857143105e-01
9.742857142857143105e-01
9.771428571428570908e-01
9.771428571428570908e-01
9.799999999999999822e-01
9.799999999999999822e-01
9.828571428571428736e-01
9.828571428571428736e-01
9.857142857142857650e-01
9.857142857142857650e-01
9.885714285714285454e-01
9.885714285714285454e-01
9.914285714285714368e-01
9.914285714285714368e-01
9.971428571428571086e-01
9.971428571428571086e-01
1.000000000000000000e+00
1.000000000000000000e+00
