0.000000000000000000e+00
0.000000000000000000e+00
0.000000000000000000e+00
0.000000000000000000e+00
2.857142857142857140e-03
2.857142857142857140e-03
2.857142857142857140e-03
5.714285714285714281e-03
1.142857142857142856e-02
1.142857142857142856e-02
1.428571428571428527e-02
1.714285714285714371e-02
1.714285714285714371e-02
2.000000000000000042e-02
2.000000000000000042e-02
2.857142857142857054e-02
2.857142857142857054e-02
3.714285714285714413e-02
4.285714285714285754e-02
4.857142857142857095e-02
4.857142857142857095e-02
6.571428571428571119e-02
7.714285714285713802e-02
7.714285714285713802e-02
8.000000000000000167e-02
9.428571428571429214e-02
9.428571428571429214e-02
1.000000000000000056e-01
1.000000000000000056e-01
1.142857142857142821e-01
1.285714285714285587e-01
1.457142857142857129e-01
1.457142857142857129e-01
1.542857142857142760e-01
1.571428571428571397e-01
1.657142857142857029e-01
1.828571428571428570e-01
1.828571428571428570e-01
1.942857142857142838e-01
2.228571428571428648e-01
2.285714285714285643e-01
2.457142857142857184e-01
2.485714285714285821e-01
2.714285714285714080e-01
2.914285714285714257e-01
3.085714285714285521e-01
3.228571428571428426e-01
3.257142857142857340e-01
3.514285714285714235e-01
3.800000000000000044e-01
3.828571428571428403e-01
4.085714285714285854e-01
4.085714285714285854e-01
4.199999999999999845e-01
4.457142857142857295e-01
4.485714285714285654e-01
4.799999999999999822e-01
5.200000000000000178e-01
5.485714285714285987e-01
5.885714285714285232e-01
6.342857142857142305e-01
6.885714285714286120e-01
7.285714285714285365e-01
7.657142857142856807e-01
8.342857142857142971e-01
9.000000000000000222e-01
9.628571428571428559e-01
1.000000000000000000e+00
