5.000000000000000000e-01
5.080291970802919277e-01
5.241691842900302323e-01
5.430359937402190473e-01
5.642276422764227473e-01
5.757071547420965496e-01
5.873287671232876317e-01
6.063829787234042978e-01
6.227106227106227188e-01
6.377358490566037430e-01
6.486486486486486847e-01
6.660039761431411076e-01
6.802443991853360794e-01
6.816326530612244472e-01
6.943866943866944252e-01
6.995798319327730663e-01
6.989473684210526505e-01
7.112068965517240882e-01
7.127429805615550507e-01
7.272727272727272929e-01
7.403189066059225887e-01
7.420091324200913663e-01
7.488372093023255571e-01
7.577197149643705165e-01
7.694174757281553312e-01
7.824999999999999734e-01
7.844611528822055257e-01
7.943444730077120486e-01
7.952755905511811330e-01
8.152173913043477826e-01
8.227146814404432407e-01
8.222222222222221877e-01
8.333333333333333703e-01
8.382352941176470784e-01
8.407079646017698860e-01
8.449848024316108930e-01
8.445121951219511924e-01
8.580441640378548840e-01
8.679867986798679436e-01
8.801369863013698280e-01
8.797250859106529042e-01
8.804347826086956763e-01
8.800000000000000044e-01
8.918918918918918859e-01
8.953488372093023617e-01
8.949416342412451764e-01
9.029535864978902593e-01
9.227272727272727293e-01
9.223744292237442410e-01
9.261083743842364324e-01
9.301075268817203812e-01
9.397590361445783413e-01
9.393939393939394478e-01
9.517241379310344973e-01
9.513888888888888395e-01
9.545454545454545858e-01
9.469026548672566657e-01
9.489795918367347483e-01
9.512195121951219079e-01
9.506172839506172867e-01
9.499999999999999556e-01
9.701492537313433084e-01
9.821428571428570953e-01
9.749999999999999778e-01
9.599999999999999645e-01
1.000000000000000000e+00
1.000000000000000000e+00
1.000000000000000000e+00
1.000000000000000000e+00
