1.000000000000000000e+00
9.942857142857143282e-01
9.914285714285714368e-01
9.914285714285714368e-01
9.914285714285714368e-01
9.885714285714285454e-01
9.799999999999999822e-01
9.771428571428570908e-01
9.714285714285714191e-01
9.657142857142857473e-01
9.599999999999999645e-01
9.571428571428571841e-01
9.542857142857142927e-01
9.542857142857142927e-01
9.542857142857142927e-01
9.514285714285714013e-01
9.485714285714286209e-01
9.428571428571428381e-01
9.428571428571428381e-01
9.371428571428571663e-01
9.285714285714286031e-01
9.285714285714286031e-01
9.200000000000000400e-01
9.114285714285714768e-01
9.057142857142856940e-01
8.942857142857142394e-01
8.942857142857142394e-01
8.828571428571428958e-01
8.657142857142857695e-01
8.571428571428570953e-01
8.485714285714285321e-01
8.457142857142857517e-01
8.285714285714286254e-01
8.142857142857142794e-01
8.142857142857142794e-01
7.942857142857142616e-01
7.914285714285714812e-01
7.771428571428571352e-01
7.514285714285714457e-01
7.342857142857143193e-01
7.314285714285714279e-01
6.942857142857142838e-01
6.914285714285713924e-01
6.600000000000000311e-01
6.600000000000000311e-01
6.571428571428571397e-01
6.114285714285714324e-01
5.799999999999999600e-01
5.771428571428571797e-01
5.371428571428571441e-01
4.942857142857142727e-01
4.457142857142857295e-01
4.428571428571428381e-01
3.942857142857142949e-01
3.914285714285714035e-01
3.599999999999999867e-01
3.057142857142857162e-01
2.657142857142857362e-01
2.228571428571428648e-01
2.200000000000000011e-01
2.171428571428571375e-01
1.857142857142857206e-01
1.571428571428571397e-01
1.114285714285714324e-01
6.857142857142857484e-02
5.142857142857142766e-02
3.142857142857143071e-02
5.714285714285714281e-03
0.000000000000000000e+00
