5.000000000000000000e-01
5.007153075822603494e-01
5.014326647564469885e-01
5.021520803443328962e-01
5.028735632183908288e-01
5.035971223021582510e-01
5.043227665706051521e-01
5.050505050505050830e-01
5.057803468208093012e-01
5.065123010130245795e-01
5.072463768115942351e-01
5.079825834542815999e-01
5.087209302325581550e-01
5.094614264919942181e-01
5.102040816326530726e-01
5.109489051094890932e-01
5.116959064327485374e-01
5.124450951683747757e-01
5.131964809384164106e-01
5.139500734214390576e-01
5.147058823529411242e-01
5.154639175257731409e-01
5.162241887905604232e-01
5.169867060561299521e-01
5.162721893491124536e-01
5.170370370370370727e-01
5.178041543026705718e-01
5.185735512630015309e-01
5.193452380952381375e-01
5.201192250372578263e-01
5.208955223880596952e-01
5.216741405082212513e-01
5.224550898203592642e-01
5.232383808095951716e-01
5.240240240240240377e-01
5.248120300751879519e-01
5.256024096385542022e-01
5.263951734539970007e-01
5.271903323262839836e-01
5.279878971255673736e-01
5.287878787878788067e-01
5.295902883156297092e-01
5.303951367781154502e-01
5.312024353120243791e-01
5.304878048780488076e-01
5.312977099236640965e-01
5.321100917431192956e-01
5.313935681470137729e-01
5.322085889570552508e-01
5.330261136712749481e-01
5.323076923076922595e-01
5.315870570107857906e-01
5.324074074074074403e-01
5.332302936630602952e-01
5.340557275541795157e-01
5.348837209302325091e-01
5.357142857142856984e-01
5.365474339035769535e-01
5.373831775700934621e-01
5.382215288611544857e-01
5.390625000000000000e-01
5.399061032863849974e-01
5.407523510971786740e-01
5.416012558869701676e-01
5.424528301886792914e-01
5.433070866141732624e-01
5.441640378548895374e-01
5.450236966824644202e-01
5.458860759493671111e-01
5.467511885895404156e-01
5.476190476190476719e-01
5.468998410174881197e-01
5.477707006369426646e-01
5.486443381180223788e-01
5.495207667731629719e-01
5.504000000000000004e-01
5.512820512820513219e-01
5.521669341894061001e-01
5.530546623794212469e-01
5.539452495974235280e-01
5.548387096774193283e-01
5.557350565428109679e-01
5.566343042071197900e-01
5.575364667747163550e-01
5.584415584415584055e-01
5.593495934959349380e-01
5.602605863192182678e-01
5.611745513866231994e-01
5.620915032679738577e-01
5.630114566284779576e-01
5.639344262295081789e-01
5.648604269293924229e-01
5.657894736842105088e-01
5.667215815485996400e-01
5.676567656765676428e-01
5.685950413223140876e-01
5.695364238410596247e-01
5.704809286898838705e-01
5.714285714285713969e-01
5.723793677204659369e-01
5.733333333333333615e-01
5.742904841402337590e-01
5.752508361204012877e-01
5.762144053601340188e-01
5.755033557046980164e-01
5.764705882352940680e-01
5.774410774410774216e-01
5.784148397976390799e-01
5.793918918918918859e-01
5.803722504230118817e-01
5.813559322033898802e-01
5.823429541595925851e-01
5.816326530612244694e-01
5.826235093696763290e-01
5.836177474402730603e-01
5.846153846153846478e-01
5.856164383561643927e-01
5.866209262435677640e-01
5.876288659793814650e-01
5.886402753872633786e-01
5.896551724137930606e-01
5.906735751295336678e-01
5.916955017301037678e-01
5.927209705372616932e-01
5.937500000000000000e-01
5.947826086956521374e-01
5.958188153310104429e-01
5.968586387434554608e-01
5.979020979020979176e-01
5.989492119089316891e-01
5.999999999999999778e-01
6.010544815465729274e-01
6.021126760563380031e-01
6.031746031746031411e-01
6.042402826855123310e-01
6.053097345132743001e-01
6.063829787234042978e-01
6.074600355239786476e-01
6.085409252669039537e-01
6.096256684491978550e-01
6.107142857142857650e-01
6.118067978533094919e-01
6.129032258064516236e-01
6.140035906642729024e-01
6.151079136690646987e-01
6.162162162162162504e-01
6.173285198555956699e-01
6.184448462929476031e-01
6.195652173913043237e-01
6.206896551724138122e-01
6.218181818181818254e-01
6.211293260473588207e-01
6.222627737226277267e-01
6.215722120658134786e-01
6.227106227106227188e-01
6.238532110091743466e-01
6.250000000000000000e-01
6.261510128913443385e-01
6.273062730627306793e-01
6.266173752310536527e-01
6.277777777777777679e-01
6.289424860853431998e-01
6.301115241635687481e-01
6.312849162011172632e-01
6.324626865671642006e-01
6.336448598130841603e-01
6.348314606741572996e-01
6.360225140712945091e-01
6.372180451127819056e-01
6.384180790960451990e-01
6.396226415094339313e-01
6.408317580340264774e-01
6.420454545454545858e-01
6.413662239089183981e-01
6.425855513307985323e-01
6.438095238095238315e-01
6.450381679389313172e-01
6.462715105162524232e-01
6.475095785440613261e-01
6.487523992322457023e-01
6.500000000000000222e-01
6.493256262042389482e-01
6.505791505791506113e-01
6.518375241779497120e-01
6.531007751937984995e-01
6.543689320388349495e-01
6.556420233463035041e-01
6.569200779727095707e-01
6.582031250000000000e-01
6.594911937377690991e-01
6.607843137254901800e-01
6.620825147347740858e-01
6.633858267716535861e-01
6.646942800788954164e-01
6.660079051383399618e-01
6.673267326732673643e-01
6.686507936507936067e-01
6.699801192842942399e-01
6.713147410358565326e-01
6.706586826347304964e-01
6.720000000000000417e-01
6.733466933867735538e-01
6.746987951807228434e-01
6.760563380281690016e-01
6.774193548387096309e-01
6.787878787878788289e-01
6.801619433198380360e-01
6.815415821501014104e-01
6.808943089430894435e-01
6.822810590631364080e-01
6.836734693877550839e-01
6.850715746421267571e-01
6.844262295081967595e-01
6.858316221765913268e-01
6.872427983539094454e-01
6.886597938144329856e-01
6.900826446280992066e-01
6.915113871635610865e-01
6.929460580912862877e-01
6.943866943866944252e-01
6.958333333333333037e-01
6.972860125260960107e-01
6.966527196652719800e-01
6.981132075471697673e-01
6.995798319327730663e-01
7.010526315789473717e-01
7.025316455696202222e-01
7.040169133192388795e-01
7.055084745762711940e-01
7.070063694267515464e-01
7.085106382978723083e-01
7.100213219616204885e-01
7.115384615384615641e-01
7.130620985010707180e-01
7.145922746781115942e-01
7.161290322580645684e-01
7.176724137931034253e-01
7.192224622030237713e-01
7.207792207792207417e-01
7.223427331887202207e-01
7.239130434782609091e-01
7.254901960784313486e-01
7.270742358078602363e-01
7.286652078774616959e-01
7.280701754385965341e-01
7.296703296703296315e-01
7.312775330396475981e-01
7.328918322295805421e-01
7.323008849557521849e-01
7.339246119733924267e-01
7.355555555555555181e-01
7.371937639198218317e-01
7.366071428571429047e-01
7.382550335570470246e-01
7.399103139013453179e-01
7.415730337078652035e-01
7.409909909909909720e-01
7.426636568848759001e-01
7.420814479638009331e-01
7.414965986394558284e-01
7.431818181818181657e-01
7.448747152619590306e-01
7.465753424657534110e-01
7.482837528604119326e-01
7.477064220183485821e-01
7.494252873563218564e-01
7.488479262672811387e-01
7.482678983833718211e-01
7.500000000000000000e-01
7.517401392111369152e-01
7.511627906976744429e-01
7.529137529137529539e-01
7.546728971962616273e-01
7.564402810304449165e-01
7.582159624413145060e-01
7.600000000000000089e-01
7.617924528301887044e-01
7.635933806146572023e-01
7.654028436018956993e-01
7.672209026128266052e-01
7.690476190476190910e-01
7.708830548926014492e-01
7.703349282296650946e-01
7.721822541966426590e-01
7.716346153846154188e-01
7.710843373493976305e-01
7.705314009661835550e-01
7.723970944309926923e-01
7.718446601941747476e-01
7.712895377128953234e-01
7.707317073170731891e-01
7.726161369193154105e-01
7.720588235294117974e-01
7.739557739557739735e-01
7.758620689655172376e-01
7.777777777777777901e-01
7.797029702970297294e-01
7.791563275434243430e-01
7.786069651741293063e-01
7.805486284289276933e-01
7.800000000000000266e-01
7.819548872180450694e-01
7.814070351758793942e-01
7.808564231738035488e-01
7.828282828282828731e-01
7.822784810126581778e-01
7.817258883248731083e-01
7.837150127226463203e-01
7.831632653061224580e-01
7.826086956521739468e-01
7.820512820512820484e-01
7.840616966580976621e-01
7.860824742268041065e-01
7.855297157622739279e-01
7.875647668393782608e-01
7.896103896103896513e-01
7.890625000000000000e-01
7.885117493472585393e-01
7.879581151832460995e-01
7.900262467191601079e-01
7.894736842105263275e-01
7.915567282321899212e-01
7.910052910052910446e-01
7.931034482758620996e-01
7.925531914893616525e-01
7.946666666666666323e-01
7.941176470588234837e-01
7.978142076502732216e-01
7.972602739726026844e-01
7.967032967032966484e-01
7.988980716253443193e-01
7.983425414364641037e-01
7.977839335180055835e-01
7.972222222222222765e-01
7.994428969359331782e-01
8.016759776536312998e-01
8.011204481792717491e-01
8.005617977528090012e-01
8.000000000000000444e-01
7.994350282485875869e-01
8.016997167138810720e-01
8.011363636363636465e-01
8.005698005698005382e-01
8.000000000000000444e-01
8.022922636103151373e-01
8.017241379310344751e-01
8.040345821325648457e-01
8.034682080924855363e-01
8.057971014492754103e-01
8.052325581395348708e-01
8.046647230320699284e-01
8.070175438596490780e-01
8.064516129032257563e-01
8.088235294117647189e-01
8.082595870206489286e-01
8.106508875739645292e-01
8.130563798219584415e-01
8.154761904761904656e-01
8.149253731343283347e-01
8.143712574850299202e-01
8.138138138138137911e-01
8.132530120481927804e-01
8.157099697885196177e-01
8.151515151515151825e-01
8.176291793313069656e-01
8.170731707317072656e-01
8.165137614678898981e-01
8.159509202453987253e-01
8.153846153846153744e-01
8.148148148148147696e-01
8.142414860681114197e-01
8.136645962732919068e-01
8.130841121495326895e-01
8.156250000000000444e-01
8.181818181818182323e-01
8.207547169811321153e-01
8.233438485804416285e-01
8.259493670886075556e-01
8.253968253968253510e-01
8.248407643312102300e-01
8.242811501597444579e-01
8.269230769230768718e-01
8.295819935691318703e-01
8.290322580645160810e-01
8.317152103559870557e-01
8.311688311688312236e-01
8.306188925081433583e-01
8.333333333333333703e-01
8.360655737704918433e-01
8.355263157894736725e-01
8.349834983498349850e-01
8.377483443708608757e-01
8.372093023255814392e-01
8.399999999999999689e-01
8.394648829431438086e-01
8.389261744966443057e-01
8.417508417508418050e-01
8.412162162162162282e-01
8.406779661016948735e-01
8.401360544217687520e-01
8.395904436860067710e-01
8.390410958904109817e-01
8.384879725085910840e-01
8.379310344827586299e-01
8.373702422145328228e-01
8.402777777777777901e-01
8.432055749128919420e-01
8.461538461538461453e-01
8.456140350877192624e-01
8.450704225352112520e-01
8.445229681978798641e-01
8.475177304964538472e-01
8.469750889679715788e-01
8.464285714285714191e-01
8.458781362007168347e-01
8.453237410071942071e-01
8.447653429602888231e-01
8.478260869565217295e-01
8.472727272727272885e-01
8.467153284671532498e-01
8.461538461538461453e-01
8.492647058823529216e-01
8.523985239852398532e-01
8.518518518518518601e-01
8.513011152416356531e-01
8.544776119402984760e-01
8.539325842696628976e-01
8.533834586466165772e-01
8.566037735849056922e-01
8.598484848484848619e-01
8.593155893536121859e-01
8.587786259541985157e-01
8.620689655172413257e-01
8.615384615384615863e-01
8.610038610038609486e-01
8.604651162790697416e-01
8.599221789883269018e-01
8.632812500000000000e-01
8.627450980392157298e-01
8.661417322834645827e-01
8.656126482213438722e-01
8.650793650793651146e-01
8.645418326693227185e-01
8.679999999999999938e-01
8.674698795180723065e-01
8.669354838709677491e-01
8.704453441295546545e-01
8.699186991869918284e-01
8.693877551020408045e-01
8.688524590163934080e-01
8.683127572016461349e-01
8.677685950413223104e-01
8.672199170124481604e-01
8.666666666666666963e-01
8.661087866108786448e-01
8.697478991596638842e-01
8.691983122362869629e-01
8.686440677966101864e-01
8.723404255319149314e-01
8.717948717948718063e-01
8.712446351931329991e-01
8.706896551724138122e-01
8.701298701298700866e-01
8.695652173913043237e-01
8.689956331877729534e-01
8.684210526315789824e-01
8.678414096916299281e-01
8.672566371681416086e-01
8.666666666666666963e-01
8.660714285714286031e-01
8.654708520179371645e-01
8.648648648648649129e-01
8.642533936651584092e-01
8.636363636363636465e-01
8.630136986301369939e-01
8.623853211009174791e-01
8.617511520737327624e-01
8.611111111111111605e-01
8.651162790697674021e-01
8.691588785046728827e-01
8.685446009389671262e-01
8.726415094339622369e-01
8.720379146919431390e-01
8.714285714285714413e-01
8.708133971291865949e-01
8.750000000000000000e-01
8.743961352657004804e-01
8.737864077669902363e-01
8.731707317073170715e-01
8.725490196078431460e-01
8.719211822660098976e-01
8.712871287128712838e-01
8.706467661691542625e-01
8.699999999999999956e-01
8.693467336683416979e-01
8.686868686868687295e-01
8.730964467005075669e-01
8.724489795918367596e-01
8.717948717948718063e-01
8.711340206185567148e-01
8.756476683937823857e-01
8.750000000000000000e-01
8.795811518324607725e-01
8.789473684210525883e-01
8.835978835978836043e-01
8.829787234042553168e-01
8.823529411764705621e-01
8.817204301075268758e-01
8.810810810810810745e-01
8.804347826086956763e-01
8.852459016393442459e-01
8.846153846153845812e-01
8.839779005524861510e-01
8.833333333333333037e-01
8.826815642458100131e-01
8.820224719101124045e-01
8.870056497175141663e-01
8.863636363636363535e-01
8.857142857142856762e-01
8.850574712643678454e-01
8.843930635838149756e-01
8.837209302325581550e-01
8.830409356725146264e-01
8.823529411764705621e-01
8.816568047337277614e-01
8.809523809523809312e-01
8.802395209580838875e-01
8.795180722891565717e-01
8.848484848484848841e-01
8.841463414634146423e-01
8.834355828220858964e-01
8.827160493827160836e-01
8.819875776397515521e-01
8.812499999999999778e-01
8.805031446540880768e-01
8.797468354430380000e-01
8.853503184713376051e-01
8.846153846153845812e-01
8.838709677419355204e-01
8.831168831168830780e-01
8.888888888888888395e-01
8.947368421052631637e-01
8.940397350993377623e-01
8.933333333333333126e-01
8.926174496644295742e-01
8.918918918918918859e-01
8.979591836734693855e-01
8.972602739726027732e-01
8.965517241379310498e-01
8.958333333333333703e-01
8.951048951048951041e-01
8.943661971830986213e-01
8.936170212765957022e-01
8.928571428571429047e-01
8.920863309352518034e-01
8.985507246376811530e-01
8.978102189781022036e-01
8.970588235294117974e-01
8.962962962962962576e-01
8.955223880597015240e-01
8.947368421052631637e-01
8.939393939393939226e-01
8.931297709923664563e-01
8.923076923076923572e-01
8.914728682170542928e-01
8.906250000000000000e-01
8.976377952755905110e-01
8.968253968253968589e-01
8.960000000000000187e-01
8.951612903225806273e-01
8.943089430894308745e-01
8.934426229508196649e-01
8.925619834710744049e-01
8.916666666666667185e-01
8.907563025210084584e-01
8.898305084745762317e-01
8.974358974358974672e-01
9.051724137931034253e-01
9.130434782608695121e-01
9.122807017543859143e-01
9.115044247787610354e-01
9.196428571428570953e-01
9.189189189189189699e-01
9.272727272727272485e-01
9.266055045871559592e-01
9.259259259259259300e-01
9.252336448598130758e-01
9.245283018867924696e-01
9.238095238095238582e-01
9.230769230769231282e-01
9.320388349514563409e-01
9.313725490196078649e-01
9.306930693069307425e-01
9.300000000000000488e-01
9.292929292929292817e-01
9.285714285714286031e-01
9.278350515463917869e-01
9.270833333333333703e-01
9.263157894736842035e-01
9.255319148936169693e-01
9.247311827956988806e-01
9.239130434782608647e-01
9.340659340659340781e-01
9.333333333333333481e-01
9.438202247191010974e-01
9.431818181818182323e-01
9.425287356321838672e-01
9.418604651162790775e-01
9.411764705882352811e-01
9.404761904761904656e-01
9.397590361445783413e-01
9.390243902439023849e-01
9.382716049382715529e-01
9.375000000000000000e-01
9.367088607594936667e-01
9.358974358974359031e-01
9.350649350649350433e-01
9.342105263157894912e-01
9.333333333333333481e-01
9.324324324324324564e-01
9.315068493150684414e-01
9.305555555555555802e-01
9.295774647887323772e-01
9.428571428571428381e-01
9.420289855072463414e-01
9.411764705882352811e-01
9.402985074626866169e-01
9.545454545454545858e-01
9.538461538461538991e-01
9.531250000000000000e-01
9.682539682539682557e-01
9.677419354838709964e-01
9.672131147540983243e-01
9.666666666666666741e-01
9.661016949152542166e-01
9.655172413793103869e-01
9.649122807017543879e-01
9.642857142857143016e-01
9.636363636363636243e-01
9.629629629629629095e-01
9.622641509433962348e-01
9.615384615384615641e-01
9.607843137254902244e-01
9.599999999999999645e-01
9.591836734693877098e-01
9.583333333333333703e-01
9.574468085106383475e-01
9.565217391304348116e-01
9.555555555555556024e-01
9.545454545454545858e-01
9.534883720930232842e-01
9.523809523809523281e-01
9.512195121951219079e-01
9.499999999999999556e-01
9.487179487179486781e-01
9.473684210526315264e-01
9.459459459459459429e-01
9.444444444444444198e-01
9.428571428571428381e-01
9.411764705882352811e-01
9.393939393939394478e-01
9.375000000000000000e-01
9.354838709677418818e-01
9.333333333333333481e-01
9.310344827586206629e-01
9.285714285714286031e-01
9.259259259259259300e-01
9.230769230769231282e-01
9.200000000000000400e-01
9.166666666666666297e-01
9.130434782608695121e-01
9.090909090909090606e-01
9.047619047619047672e-01
9.000000000000000222e-01
8.947368421052631637e-01
8.888888888888888395e-01
8.823529411764705621e-01
8.750000000000000000e-01
8.666666666666666963e-01
8.571428571428570953e-01
8.461538461538461453e-01
9.166666666666666297e-01
9.090909090909090606e-01
9.000000000000000222e-01
8.888888888888888395e-01
8.750000000000000000e-01
8.571428571428570953e-01
8.333333333333333703e-01
1.000000000000000000e+00
1.000000000000000000e+00
1.000000000000000000e+00
1.000000000000000000e+00
1.000000000000000000e+00
1.000000000000000000e+00
