0.000000000000000000e+00
2.857142857142857140e-03
1.428571428571428527e-02
1.428571428571428527e-02
3.142857142857143071e-02
3.142857142857143071e-02
1.742857142857142938e-01
1.742857142857142938e-01
1.799999999999999933e-01
1.799999999999999933e-01
1.885714285714285843e-01
1.885714285714285843e-01
2.399999999999999911e-01
2.399999999999999911e-01
2.428571428571428548e-01
2.428571428571428548e-01
2.742857142857142994e-01
2.742857142857142994e-01
2.914285714285714257e-01
2.914285714285714257e-01
2.942857142857142616e-01
2.942857142857142616e-01
2.999999999999999889e-01
2.999999999999999889e-01
3.257142857142857340e-01
3.257142857142857340e-01
3.542857142857142594e-01
3.542857142857142594e-01
3.771428571428571686e-01
3.771428571428571686e-01
3.885714285714285676e-01
3.885714285714285676e-01
3.971428571428571308e-01
3.971428571428571308e-01
4.171428571428571486e-01
4.171428571428571486e-01
4.485714285714285654e-01
4.485714285714285654e-01
4.628571428571428559e-01
4.628571428571428559e-01
4.771428571428571463e-01
4.771428571428571463e-01
4.799999999999999822e-01
4.799999999999999822e-01
4.828571428571428736e-01
4.828571428571428736e-01
4.914285714285714368e-01
4.914285714285714368e-01
5.200000000000000178e-01
5.200000000000000178e-01
5.285714285714285809e-01
5.285714285714285809e-01
5.314285714285714723e-01
5.314285714285714723e-01
5.857142857142857428e-01
5.857142857142857428e-01
5.914285714285714146e-01
5.914285714285714146e-01
6.142857142857143238e-01
6.142857142857143238e-01
6.199999999999999956e-01
6.199999999999999956e-01
6.285714285714285587e-01
6.285714285714285587e-01
6.314285714285714501e-01
6.314285714285714501e-01
6.428571428571429047e-01
6.428571428571429047e-01
6.485714285714285765e-01
6.485714285714285765e-01
6.542857142857142483e-01
6.542857142857142483e-01
6.600000000000000311e-01
6.600000000000000311e-01
6.685714285714285943e-01
6.685714285714285943e-01
6.828571428571428292e-01
6.828571428571428292e-01
6.914285714285713924e-01
6.914285714285713924e-01
7.142857142857143016e-01
7.142857142857143016e-01
7.199999999999999734e-01
7.199999999999999734e-01
7.228571428571428648e-01
7.228571428571428648e-01
7.285714285714285365e-01
7.285714285714285365e-01
7.342857142857143193e-01
7.342857142857143193e-01
7.371428571428570997e-01
7.371428571428570997e-01
7.457142857142856629e-01
7.457142857142856629e-01
7.685714285714285721e-01
7.685714285714285721e-01
7.714285714285714635e-01
7.714285714285714635e-01
7.828571428571428070e-01
7.828571428571428070e-01
7.857142857142856984e-01
7.857142857142856984e-01
7.885714285714285898e-01
7.885714285714285898e-01
7.942857142857142616e-01
7.942857142857142616e-01
7.971428571428571530e-01
7.971428571428571530e-01
8.000000000000000444e-01
8.000000000000000444e-01
8.085714285714286076e-01
8.085714285714286076e-01
8.199999999999999512e-01
8.199999999999999512e-01
8.285714285714286254e-01
8.285714285714286254e-01
8.342857142857142971e-01
8.485714285714285321e-01
8.514285714285714235e-01
8.514285714285714235e-01
8.542857142857143149e-01
8.542857142857143149e-01
8.571428571428570953e-01
8.571428571428570953e-01
8.599999999999999867e-01
8.599999999999999867e-01
8.685714285714285499e-01
8.685714285714285499e-01
8.714285714285714413e-01
8.714285714285714413e-01
8.800000000000000044e-01
8.800000000000000044e-01
8.857142857142856762e-01
8.857142857142856762e-01
8.914285714285714590e-01
8.914285714285714590e-01
8.942857142857142394e-01
8.942857142857142394e-01
9.000000000000000222e-01
9.000000000000000222e-01
9.028571428571428026e-01
9.028571428571428026e-01
9.114285714285714768e-01
9.114285714285714768e-01
9.200000000000000400e-01
9.200000000000000400e-01
9.228571428571428203e-01
9.228571428571428203e-01
9.257142857142857117e-01
9.257142857142857117e-01
9.314285714285713835e-01
9.314285714285713835e-01
9.342857142857142749e-01
9.342857142857142749e-01
9.399999999999999467e-01
9.399999999999999467e-01
9.428571428571428381e-01
9.428571428571428381e-01
9.457142857142857295e-01
9.457142857142857295e-01
9.485714285714286209e-01
9.485714285714286209e-01
9.514285714285714013e-01
9.514285714285714013e-01
9.542857142857142927e-01
9.542857142857142927e-01
9.571428571428571841e-01
9.571428571428571841e-01
9.599999999999999645e-01
9.599999999999999645e-01
9.628571428571428559e-01
9.628571428571428559e-01
9.657142857142857473e-01
9.657142857142857473e-01
9.685714285714285277e-01
9.685714285714285277e-01
9.714285714285714191e-01
9.714285714285714191e-01
9.742857142857143105e-01
9.742857142857143105e-01
9.771428571428570908e-01
9.771428571428570908e-01
9.799999999999999822e-01
9.799999999999999822e-01
9.828571428571428736e-01
9.828571428571428736e-01
9.857142857142857650e-01
9.857142857142857650e-01
9.914285714285714368e-01
9.914285714285714368e-01
9.942857142857143282e-01
9.942857142857143282e-01
9.971428571428571086e-01
9.971428571428571086e-01
1.000000000000000000e+00
1.000000000000000000e+00
