0.000000000000000000e+00
0.000000000000000000e+00
0.000000000000000000e+00
2.857142857142857140e-03
2.857142857142857140e-03
5.714285714285714281e-03
5.714285714285714281e-03
8.571428571428571855e-03
8.571428571428571855e-03
1.142857142857142856e-02
1.142857142857142856e-02
1.428571428571428527e-02
1.428571428571428527e-02
1.714285714285714371e-02
1.714285714285714371e-02
2.000000000000000042e-02
2.000000000000000042e-02
2.285714285714285712e-02
2.285714285714285712e-02
2.571428571428571383e-02
2.571428571428571383e-02
2.857142857142857054e-02
2.857142857142857054e-02
3.714285714285714413e-02
3.714285714285714413e-02
4.000000000000000083e-02
4.000000000000000083e-02
4.285714285714285754e-02
4.285714285714285754e-02
4.571428571428571425e-02
4.571428571428571425e-02
5.142857142857142766e-02
5.142857142857142766e-02
5.428571428571428437e-02
5.428571428571428437e-02
5.714285714285714107e-02
5.714285714285714107e-02
5.999999999999999778e-02
5.999999999999999778e-02
6.285714285714286143e-02
6.285714285714286143e-02
6.571428571428571119e-02
6.571428571428571119e-02
6.857142857142857484e-02
6.857142857142857484e-02
7.142857142857142461e-02
7.142857142857142461e-02
7.428571428571428825e-02
7.428571428571428825e-02
7.714285714285713802e-02
7.714285714285713802e-02
8.000000000000000167e-02
8.000000000000000167e-02
8.571428571428571508e-02
8.571428571428571508e-02
8.857142857142856485e-02
8.857142857142856485e-02
9.142857142857142849e-02
9.142857142857142849e-02
9.428571428571429214e-02
9.428571428571429214e-02
9.714285714285714191e-02
9.714285714285714191e-02
1.000000000000000056e-01
1.000000000000000056e-01
1.028571428571428553e-01
1.028571428571428553e-01
1.057142857142857190e-01
1.057142857142857190e-01
1.114285714285714324e-01
1.114285714285714324e-01
1.142857142857142821e-01
1.142857142857142821e-01
1.199999999999999956e-01
1.199999999999999956e-01
1.228571428571428592e-01
1.228571428571428592e-01
1.257142857142857229e-01
1.257142857142857229e-01
1.342857142857142860e-01
1.342857142857142860e-01
1.371428571428571497e-01
1.371428571428571497e-01
1.400000000000000133e-01
1.400000000000000133e-01
1.428571428571428492e-01
1.428571428571428492e-01
1.485714285714285765e-01
1.485714285714285765e-01
1.514285714285714401e-01
1.514285714285714401e-01
1.571428571428571397e-01
1.571428571428571397e-01
1.714285714285714302e-01
1.714285714285714302e-01
1.742857142857142938e-01
1.742857142857142938e-01
1.771428571428571297e-01
1.771428571428571297e-01
1.857142857142857206e-01
1.857142857142857206e-01
1.885714285714285843e-01
1.885714285714285843e-01
1.914285714285714202e-01
1.914285714285714202e-01
1.942857142857142838e-01
1.942857142857142838e-01
1.971428571428571475e-01
1.971428571428571475e-01
2.000000000000000111e-01
2.000000000000000111e-01
2.028571428571428470e-01
2.028571428571428470e-01
2.085714285714285743e-01
2.085714285714285743e-01
2.114285714285714379e-01
2.114285714285714379e-01
2.200000000000000011e-01
2.200000000000000011e-01
2.228571428571428648e-01
2.228571428571428648e-01
2.257142857142857006e-01
2.257142857142857006e-01
2.285714285714285643e-01
2.285714285714285643e-01
2.314285714285714279e-01
2.314285714285714279e-01
2.371428571428571552e-01
2.371428571428571552e-01
2.428571428571428548e-01
2.428571428571428548e-01
2.457142857142857184e-01
2.457142857142857184e-01
2.485714285714285821e-01
2.485714285714285821e-01
2.514285714285714457e-01
2.514285714285714457e-01
2.542857142857142816e-01
2.542857142857142816e-01
2.657142857142857362e-01
2.657142857142857362e-01
2.685714285714285721e-01
2.685714285714285721e-01
2.714285714285714080e-01
2.714285714285714080e-01
2.742857142857142994e-01
2.742857142857142994e-01
3.057142857142857162e-01
3.057142857142857162e-01
3.114285714285714435e-01
3.114285714285714435e-01
3.142857142857142794e-01
3.142857142857142794e-01
3.257142857142857340e-01
3.257142857142857340e-01
3.285714285714285698e-01
3.285714285714285698e-01
3.371428571428571330e-01
3.371428571428571330e-01
3.457142857142856962e-01
3.457142857142856962e-01
3.542857142857142594e-01
3.542857142857142594e-01
4.142857142857143127e-01
4.142857142857143127e-01
4.400000000000000022e-01
4.400000000000000022e-01
4.485714285714285654e-01
4.485714285714285654e-01
4.714285714285714191e-01
4.714285714285714191e-01
5.200000000000000178e-01
5.200000000000000178e-01
5.400000000000000355e-01
5.400000000000000355e-01
5.771428571428571797e-01
5.771428571428571797e-01
5.914285714285714146e-01
5.914285714285714146e-01
5.942857142857143060e-01
5.942857142857143060e-01
7.028571428571428470e-01
7.028571428571428470e-01
7.228571428571428648e-01
7.228571428571428648e-01
8.142857142857142794e-01
8.142857142857142794e-01
8.685714285714285499e-01
8.685714285714285499e-01
8.742857142857143327e-01
8.742857142857143327e-01
8.800000000000000044e-01
8.800000000000000044e-01
9.342857142857142749e-01
9.342857142857142749e-01
1.000000000000000000e+00
