0.000000000000000000e+00
2.857142857142857140e-03
2.600000000000000089e-01
2.600000000000000089e-01
3.085714285714285521e-01
3.085714285714285521e-01
3.371428571428571330e-01
3.371428571428571330e-01
3.628571428571428781e-01
3.628571428571428781e-01
3.857142857142857317e-01
3.857142857142857317e-01
4.028571428571428581e-01
4.028571428571428581e-01
4.485714285714285654e-01
4.485714285714285654e-01
4.514285714285714013e-01
4.514285714285714013e-01
4.571428571428571286e-01
4.571428571428571286e-01
4.600000000000000200e-01
4.600000000000000200e-01
4.771428571428571463e-01
4.771428571428571463e-01
4.885714285714285454e-01
4.885714285714285454e-01
4.914285714285714368e-01
4.914285714285714368e-01
4.971428571428571641e-01
4.971428571428571641e-01
5.342857142857142527e-01
5.342857142857142527e-01
5.714285714285713969e-01
5.714285714285713969e-01
5.742857142857142883e-01
5.742857142857142883e-01
5.828571428571428514e-01
5.828571428571428514e-01
5.914285714285714146e-01
5.914285714285714146e-01
6.171428571428571042e-01
6.171428571428571042e-01
6.228571428571428870e-01
6.228571428571428870e-01
6.628571428571428115e-01
6.628571428571428115e-01
6.657142857142857029e-01
6.657142857142857029e-01
6.685714285714285943e-01
6.685714285714285943e-01
6.857142857142857206e-01
6.857142857142857206e-01
6.885714285714286120e-01
6.885714285714286120e-01
6.999999999999999556e-01
6.999999999999999556e-01
7.114285714285714102e-01
7.114285714285714102e-01
7.171428571428571930e-01
7.171428571428571930e-01
7.199999999999999734e-01
7.199999999999999734e-01
7.228571428571428648e-01
7.228571428571428648e-01
7.314285714285714279e-01
7.314285714285714279e-01
7.428571428571428825e-01
7.428571428571428825e-01
7.485714285714285543e-01
7.485714285714285543e-01
7.514285714285714457e-01
7.514285714285714457e-01
7.571428571428571175e-01
7.571428571428571175e-01
7.771428571428571352e-01
7.771428571428571352e-01
7.857142857142856984e-01
7.857142857142856984e-01
7.914285714285714812e-01
7.914285714285714812e-01
7.942857142857142616e-01
7.942857142857142616e-01
8.000000000000000444e-01
8.000000000000000444e-01
8.057142857142857162e-01
8.057142857142857162e-01
8.199999999999999512e-01
8.199999999999999512e-01
8.342857142857142971e-01
8.342857142857142971e-01
8.371428571428571885e-01
8.371428571428571885e-01
8.399999999999999689e-01
8.399999999999999689e-01
8.514285714285714235e-01
8.514285714285714235e-01
8.542857142857143149e-01
8.542857142857143149e-01
8.628571428571428781e-01
8.628571428571428781e-01
8.657142857142857695e-01
8.657142857142857695e-01
8.685714285714285499e-01
8.685714285714285499e-01
8.714285714285714413e-01
8.714285714285714413e-01
8.742857142857143327e-01
8.742857142857143327e-01
8.828571428571428958e-01
8.828571428571428958e-01
8.857142857142856762e-01
8.857142857142856762e-01
8.885714285714285676e-01
8.885714285714285676e-01
8.914285714285714590e-01
8.914285714285714590e-01
8.942857142857142394e-01
8.942857142857142394e-01
8.971428571428571308e-01
8.971428571428571308e-01
9.000000000000000222e-01
9.000000000000000222e-01
9.028571428571428026e-01
9.028571428571428026e-01
9.114285714285714768e-01
9.114285714285714768e-01
9.142857142857142572e-01
9.142857142857142572e-01
9.171428571428571486e-01
9.171428571428571486e-01
9.200000000000000400e-01
9.200000000000000400e-01
9.228571428571428203e-01
9.228571428571428203e-01
9.257142857142857117e-01
9.257142857142857117e-01
9.285714285714286031e-01
9.285714285714286031e-01
9.314285714285713835e-01
9.314285714285713835e-01
9.342857142857142749e-01
9.342857142857142749e-01
9.371428571428571663e-01
9.371428571428571663e-01
9.399999999999999467e-01
9.399999999999999467e-01
9.428571428571428381e-01
9.428571428571428381e-01
9.457142857142857295e-01
9.457142857142857295e-01
9.485714285714286209e-01
9.485714285714286209e-01
9.514285714285714013e-01
9.514285714285714013e-01
9.542857142857142927e-01
9.542857142857142927e-01
9.571428571428571841e-01
9.571428571428571841e-01
9.599999999999999645e-01
9.599999999999999645e-01
9.628571428571428559e-01
9.628571428571428559e-01
9.657142857142857473e-01
9.657142857142857473e-01
9.714285714285714191e-01
9.714285714285714191e-01
9.742857142857143105e-01
9.742857142857143105e-01
9.771428571428570908e-01
9.771428571428570908e-01
9.799999999999999822e-01
9.799999999999999822e-01
9.828571428571428736e-01
9.828571428571428736e-01
9.857142857142857650e-01
9.857142857142857650e-01
9.885714285714285454e-01
9.885714285714285454e-01
9.914285714285714368e-01
9.914285714285714368e-01
9.942857142857143282e-01
9.942857142857143282e-01
9.971428571428571086e-01
9.971428571428571086e-01
1.000000000000000000e+00
1.000000000000000000e+00
