0.000000000000000000e+00
0.000000000000000000e+00
0.000000000000000000e+00
2.857142857142857140e-03
2.857142857142857140e-03
5.714285714285714281e-03
5.714285714285714281e-03
8.571428571428571855e-03
8.571428571428571855e-03
1.142857142857142856e-02
1.142857142857142856e-02
1.714285714285714371e-02
1.714285714285714371e-02
2.000000000000000042e-02
2.000000000000000042e-02
2.285714285714285712e-02
2.285714285714285712e-02
2.571428571428571383e-02
2.571428571428571383e-02
2.857142857142857054e-02
2.857142857142857054e-02
3.142857142857143071e-02
3.142857142857143071e-02
3.428571428571428742e-02
3.428571428571428742e-02
3.714285714285714413e-02
3.714285714285714413e-02
4.000000000000000083e-02
4.000000000000000083e-02
4.285714285714285754e-02
4.285714285714285754e-02
4.571428571428571425e-02
4.571428571428571425e-02
4.857142857142857095e-02
4.857142857142857095e-02
5.142857142857142766e-02
5.142857142857142766e-02
5.428571428571428437e-02
5.428571428571428437e-02
5.999999999999999778e-02
5.999999999999999778e-02
6.285714285714286143e-02
6.285714285714286143e-02
6.571428571428571119e-02
6.571428571428571119e-02
6.857142857142857484e-02
6.857142857142857484e-02
7.142857142857142461e-02
7.142857142857142461e-02
7.428571428571428825e-02
7.428571428571428825e-02
7.714285714285713802e-02
7.714285714285713802e-02
8.000000000000000167e-02
8.000000000000000167e-02
8.285714285714285143e-02
8.285714285714285143e-02
9.142857142857142849e-02
9.142857142857142849e-02
9.428571428571429214e-02
9.428571428571429214e-02
9.714285714285714191e-02
9.714285714285714191e-02
1.000000000000000056e-01
1.000000000000000056e-01
1.057142857142857190e-01
1.057142857142857190e-01
1.085714285714285687e-01
1.085714285714285687e-01
1.142857142857142821e-01
1.142857142857142821e-01
1.199999999999999956e-01
1.199999999999999956e-01
1.228571428571428592e-01
1.228571428571428592e-01
1.342857142857142860e-01
1.342857142857142860e-01
1.371428571428571497e-01
1.371428571428571497e-01
1.400000000000000133e-01
1.400000000000000133e-01
1.457142857142857129e-01
1.457142857142857129e-01
1.485714285714285765e-01
1.485714285714285765e-01
1.542857142857142760e-01
1.542857142857142760e-01
1.600000000000000033e-01
1.600000000000000033e-01
1.628571428571428670e-01
1.628571428571428670e-01
1.657142857142857029e-01
1.657142857142857029e-01
1.685714285714285665e-01
1.685714285714285665e-01
1.742857142857142938e-01
1.742857142857142938e-01
1.771428571428571297e-01
1.771428571428571297e-01
1.799999999999999933e-01
1.799999999999999933e-01
2.028571428571428470e-01
2.028571428571428470e-01
2.057142857142857106e-01
2.057142857142857106e-01
2.085714285714285743e-01
2.085714285714285743e-01
2.171428571428571375e-01
2.171428571428571375e-01
2.228571428571428648e-01
2.228571428571428648e-01
2.428571428571428548e-01
2.428571428571428548e-01
2.485714285714285821e-01
2.485714285714285821e-01
2.542857142857142816e-01
2.542857142857142816e-01
2.657142857142857362e-01
2.657142857142857362e-01
2.685714285714285721e-01
2.685714285714285721e-01
2.828571428571428625e-01
2.828571428571428625e-01
2.885714285714285898e-01
2.885714285714285898e-01
2.914285714285714257e-01
2.914285714285714257e-01
2.942857142857142616e-01
2.942857142857142616e-01
2.971428571428571530e-01
2.971428571428571530e-01
3.057142857142857162e-01
3.057142857142857162e-01
3.085714285714285521e-01
3.085714285714285521e-01
3.114285714285714435e-01
3.114285714285714435e-01
3.142857142857142794e-01
3.142857142857142794e-01
3.228571428571428426e-01
3.228571428571428426e-01
3.342857142857142971e-01
3.342857142857142971e-01
3.428571428571428603e-01
3.428571428571428603e-01
3.571428571428571508e-01
3.571428571428571508e-01
3.857142857142857317e-01
3.857142857142857317e-01
3.885714285714285676e-01
3.885714285714285676e-01
4.114285714285714213e-01
4.114285714285714213e-01
4.171428571428571486e-01
4.171428571428571486e-01
4.657142857142856918e-01
4.657142857142856918e-01
4.799999999999999822e-01
4.799999999999999822e-01
4.914285714285714368e-01
4.914285714285714368e-01
5.171428571428571264e-01
5.171428571428571264e-01
5.200000000000000178e-01
5.200000000000000178e-01
5.514285714285713791e-01
5.514285714285713791e-01
5.942857142857143060e-01
5.942857142857143060e-01
6.257142857142856673e-01
6.257142857142856673e-01
6.657142857142857029e-01
6.657142857142857029e-01
6.914285714285713924e-01
6.914285714285713924e-01
7.457142857142856629e-01
7.457142857142856629e-01
8.199999999999999512e-01
8.199999999999999512e-01
8.571428571428570953e-01
8.571428571428570953e-01
8.685714285714285499e-01
8.685714285714285499e-01
9.171428571428571486e-01
9.171428571428571486e-01
1.000000000000000000e+00
