5.000000000000000000e-01
5.007153075822603494e-01
5.014326647564469885e-01
5.021520803443328962e-01
5.028735632183908288e-01
5.035971223021582510e-01
5.043227665706051521e-01
5.050505050505050830e-01
5.057803468208093012e-01
5.065123010130245795e-01
5.072463768115942351e-01
5.079825834542815999e-01
5.087209302325581550e-01
5.094614264919942181e-01
5.102040816326530726e-01
5.109489051094890932e-01
5.116959064327485374e-01
5.124450951683747757e-01
5.131964809384164106e-01
5.139500734214390576e-01
5.147058823529411242e-01
5.154639175257731409e-01
5.162241887905604232e-01
5.169867060561299521e-01
5.177514792899408080e-01
5.185185185185184897e-01
5.192878338278932304e-01
5.200594353640416445e-01
5.208333333333333703e-01
5.216095380029805995e-01
5.208955223880596952e-01
5.216741405082212513e-01
5.224550898203592642e-01
5.232383808095951716e-01
5.240240240240240377e-01
5.248120300751879519e-01
5.256024096385542022e-01
5.263951734539970007e-01
5.271903323262839836e-01
5.279878971255673736e-01
5.287878787878788067e-01
5.295902883156297092e-01
5.303951367781154502e-01
5.312024353120243791e-01
5.320121951219511924e-01
5.328244274809160741e-01
5.336391437308868335e-01
5.344563552833078157e-01
5.337423312883435855e-01
5.345622119815668372e-01
5.353846153846153477e-01
5.362095531587056652e-01
5.370370370370370905e-01
5.363214837712518834e-01
5.371517027863776939e-01
5.379844961240309864e-01
5.388198757763975610e-01
5.396578538102644318e-01
5.404984423676012506e-01
5.413416536661466161e-01
5.421875000000000444e-01
5.430359937402190473e-01
5.438871473354232045e-01
5.447409733124018993e-01
5.455974842767296051e-01
5.464566929133858331e-01
5.473186119873817423e-01
5.466034755134281387e-01
5.474683544303797778e-01
5.483359746434230964e-01
5.492063492063492536e-01
5.500794912559618943e-01
5.509554140127388422e-01
5.518341307814992325e-01
5.527156549520766404e-01
5.535999999999999810e-01
5.544871794871795156e-01
5.553772070626002977e-01
5.562700964630225009e-01
5.571658615136876325e-01
5.580645161290322953e-01
5.589660743134087229e-01
5.598705501618123082e-01
5.607779578606159054e-01
5.616883116883116811e-01
5.626016260162601812e-01
5.635179153094462823e-01
5.644371941272430249e-01
5.653594771241829964e-01
5.662847790507364865e-01
5.672131147540984131e-01
5.681444991789819099e-01
5.690789473684210176e-01
5.700164744645799253e-01
5.693069306930692575e-01
5.702479338842975087e-01
5.711920529801324253e-01
5.721393034825870139e-01
5.730897009966777755e-01
5.740432612312812433e-01
5.749999999999999556e-01
5.759599332220367573e-01
5.769230769230768718e-01
5.778894472361808532e-01
5.788590604026845332e-01
5.798319327731092931e-01
5.808080808080807733e-01
5.817875210792580187e-01
5.827702702702702853e-01
5.837563451776649481e-01
5.847457627118644030e-01
5.857385398981324043e-01
5.867346938775510612e-01
5.877342419080068270e-01
5.870307167235494505e-01
5.880341880341880545e-01
5.890410958904109817e-01
5.900514579759862377e-01
5.910652920962199408e-01
5.920826161790017084e-01
5.931034482758620330e-01
5.941278065630397620e-01
5.951557093425605682e-01
5.961871750433275219e-01
5.954861111111111605e-01
5.965217391304348249e-01
5.975609756097560732e-01
5.986038394415357233e-01
5.996503496503496899e-01
6.007005253940455036e-01
6.017543859649122640e-01
6.028119507908611396e-01
6.038732394366197465e-01
6.049382716049382935e-01
6.060070671378091633e-01
6.070796460176991483e-01
6.081560283687943436e-01
6.092362344582593625e-01
6.103202846975088747e-01
6.096256684491978550e-01
6.107142857142857650e-01
6.118067978533094919e-01
6.129032258064516236e-01
6.140035906642729024e-01
6.151079136690646987e-01
6.162162162162162504e-01
6.173285198555956699e-01
6.184448462929476031e-01
6.195652173913043237e-01
6.206896551724138122e-01
6.218181818181818254e-01
6.211293260473588207e-01
6.222627737226277267e-01
6.234003656307129937e-01
6.245421245421245438e-01
6.256880733944953921e-01
6.268382352941176405e-01
6.279926335174953467e-01
6.291512915129151562e-01
6.303142329020332557e-01
6.314814814814815325e-01
6.326530612244898322e-01
6.338289962825278678e-01
6.350093109869646701e-01
6.361940298507462455e-01
6.373831775700934399e-01
6.385767790262172339e-01
6.378986866791744870e-01
6.390977443609022757e-01
6.403013182674199832e-01
6.415094339622641195e-01
6.427221172022684614e-01
6.439393939393939226e-01
6.451612903225806273e-01
6.463878326996197465e-01
6.476190476190476497e-01
6.488549618320610390e-01
6.500956022944550661e-01
6.513409961685823202e-01
6.506717850287907501e-01
6.500000000000000222e-01
6.512524084778420486e-01
6.505791505791506113e-01
6.518375241779497120e-01
6.531007751937984995e-01
6.543689320388349495e-01
6.556420233463035041e-01
6.569200779727095707e-01
6.582031250000000000e-01
6.594911937377690991e-01
6.607843137254901800e-01
6.620825147347740858e-01
6.614173228346457156e-01
6.627218934911243142e-01
6.640316205533597360e-01
6.653465346534653824e-01
6.666666666666666297e-01
6.660039761431411076e-01
6.673306772908366158e-01
6.686626746506986185e-01
6.700000000000000400e-01
6.713426853707414876e-01
6.726907630522088732e-01
6.720321931589536835e-01
6.733870967741935054e-01
6.747474747474747625e-01
6.761133603238866918e-01
6.774847870182555409e-01
6.788617886178861527e-01
6.802443991853360794e-01
6.816326530612244472e-01
6.830265848670756812e-01
6.844262295081967595e-01
6.858316221765913268e-01
6.872427983539094454e-01
6.886597938144329856e-01
6.900826446280992066e-01
6.915113871635610865e-01
6.929460580912862877e-01
6.943866943866944252e-01
6.958333333333333037e-01
6.951983298538622069e-01
6.966527196652719800e-01
6.981132075471697673e-01
6.974789915966386200e-01
6.989473684210526505e-01
7.004219409282700370e-01
7.019027484143762763e-01
7.033898305084745894e-01
7.048832271762207613e-01
7.063829787234042756e-01
7.078891257995735264e-01
7.094017094017094349e-01
7.087794432548180090e-01
7.103004291845493867e-01
7.096774193548387455e-01
7.112068965517240882e-01
7.127429805615550507e-01
7.142857142857143016e-01
7.158351409978308544e-01
7.173913043478260532e-01
7.189542483660130712e-01
7.205240174672489228e-01
7.221006564551422091e-01
7.236842105263158187e-01
7.252747252747252515e-01
7.246696035242290446e-01
7.262693156732892286e-01
7.278761061946902311e-01
7.294900221729490042e-01
7.311111111111111560e-01
7.327394209354120003e-01
7.321428571428570953e-01
7.337807606263981874e-01
7.354260089686098789e-01
7.370786516853932158e-01
7.364864864864865135e-01
7.381489841986456080e-01
7.398190045248869140e-01
7.414965986394558284e-01
7.431818181818181657e-01
7.425968109339408096e-01
7.442922374429223886e-01
7.459954233409611390e-01
7.477064220183485821e-01
7.471264367816091712e-01
7.488479262672811387e-01
7.482678983833718211e-01
7.500000000000000000e-01
7.494199535962876579e-01
7.511627906976744429e-01
7.505827505827505908e-01
7.523364485981308691e-01
7.540983606557376540e-01
7.558685446009389963e-01
7.552941176470587825e-01
7.570754716981131782e-01
7.565011820330969083e-01
7.582938388625591886e-01
7.577197149643705165e-01
7.595238095238094900e-01
7.589498806682577481e-01
7.583732057416268102e-01
7.577937649880095439e-01
7.596153846153845812e-01
7.614457831325300852e-01
7.608695652173913526e-01
7.627118644067796271e-01
7.645631067961164984e-01
7.664233576642335288e-01
7.682926829268292845e-01
7.701711491442543300e-01
7.696078431372549433e-01
7.714987714987715517e-01
7.709359605911330071e-01
7.728395061728394744e-01
7.747524752475247745e-01
7.766749379652605478e-01
7.786069651741293063e-01
7.780548628428927138e-01
7.800000000000000266e-01
7.819548872180450694e-01
7.814070351758793942e-01
7.833753148614609474e-01
7.853535353535353591e-01
7.848101265822784445e-01
7.868020304568528189e-01
7.888040712468193938e-01
7.908163265306122902e-01
7.928388746803068932e-01
7.948717948717948234e-01
7.969151670951156730e-01
7.989690721649485017e-01
7.984496124031007502e-01
8.005181347150258642e-01
8.025974025974026427e-01
8.020833333333333703e-01
8.015665796344647598e-01
8.010471204188481797e-01
8.031496062992126150e-01
8.052631578947367919e-01
8.073878627968337218e-01
8.068783068783068613e-01
8.090185676392572800e-01
8.085106382978722861e-01
8.106666666666666465e-01
8.101604278074866494e-01
8.123324396782841683e-01
8.145161290322581182e-01
8.167115902964959817e-01
8.189189189189188811e-01
8.211382113821138473e-01
8.233695652173913526e-01
8.256130790190735480e-01
8.278688524590164244e-01
8.273972602739726456e-01
8.296703296703297204e-01
8.292011019283747064e-01
8.287292817679557944e-01
8.282548476454293374e-01
8.305555555555556024e-01
8.300835654596100399e-01
8.324022346368714631e-01
8.347338935574230012e-01
8.342696629213482984e-01
8.338028169014084501e-01
8.333333333333333703e-01
8.328611898016997639e-01
8.352272727272727071e-01
8.347578347578347158e-01
8.371428571428571885e-01
8.366762177650429733e-01
8.390804597701149170e-01
8.386167146974062847e-01
8.381502890173410103e-01
8.376811594202898670e-01
8.372093023255814392e-01
8.367346938775510612e-01
8.391812865497075835e-01
8.416422287390029622e-01
8.411764705882353033e-01
8.407079646017698860e-01
8.402366863905325056e-01
8.397626112759644101e-01
8.392857142857143016e-01
8.417910447761194348e-01
8.443113772455089761e-01
8.438438438438438105e-01
8.433734939759036653e-01
8.459214501510573525e-01
8.454545454545454586e-01
8.449848024316108930e-01
8.475609756097560732e-01
8.501529051987767316e-01
8.496932515337423109e-01
8.523076923076923217e-01
8.518518518518518601e-01
8.513931888544891136e-01
8.540372670807453437e-01
8.535825545171339401e-01
8.531250000000000222e-01
8.526645768025078453e-01
8.553459119496855667e-01
8.580441640378548840e-01
8.607594936708861111e-01
8.634920634920635329e-01
8.630573248407643616e-01
8.626198083067092570e-01
8.621794871794872250e-01
8.617363344051447438e-01
8.612903225806451957e-01
8.608414239482200525e-01
8.603896103896103709e-01
8.631921824104235030e-01
8.627450980392157298e-01
8.622950819672131617e-01
8.651315789473684736e-01
8.679867986798679436e-01
8.675496688741721751e-01
8.704318936877076807e-01
8.733333333333332948e-01
8.729096989966554920e-01
8.724832214765100291e-01
8.754208754208754328e-01
8.750000000000000000e-01
8.745762711864406569e-01
8.741496598639455495e-01
8.737201365187713398e-01
8.767123287671232390e-01
8.797250859106529042e-01
8.793103448275861878e-01
8.788927335640138727e-01
8.784722222222222099e-01
8.815331010452961413e-01
8.811188811188811476e-01
8.842105263157894468e-01
8.838028169014084945e-01
8.869257950530035073e-01
8.865248226950354082e-01
8.861209964412811724e-01
8.892857142857142350e-01
8.924731182795698770e-01
8.956834532374100544e-01
8.953068592057761288e-01
8.949275362318840354e-01
8.945454545454545325e-01
8.941605839416058021e-01
8.974358974358974672e-01
8.970588235294117974e-01
8.966789667896678528e-01
8.962962962962962576e-01
8.959107806691449793e-01
8.992537313432835688e-01
8.988764044943819975e-01
9.022556390977443108e-01
9.018867924528302105e-01
9.015151515151514916e-01
9.011406844106464309e-01
9.007633587786259000e-01
9.003831417624521549e-01
9.000000000000000222e-01
9.034749034749034458e-01
9.031007751937984995e-01
9.066147859922178975e-01
9.062500000000000000e-01
9.098039215686274384e-01
9.094488188976378451e-01
9.090909090909090606e-01
9.087301587301587213e-01
9.083665338645418030e-01
9.080000000000000293e-01
9.076305220883533753e-01
9.072580645161290036e-01
9.068825910931174183e-01
9.065040650406503975e-01
9.061224489795918213e-01
9.057377049180327377e-01
9.053497942386831143e-01
9.049586776859503967e-01
9.045643153526971014e-01
9.083333333333333259e-01
9.079497907949790614e-01
9.075630252100840289e-01
9.113924050632911111e-01
9.110169491525423879e-01
9.106382978723404076e-01
9.102564102564102422e-01
9.098712446351930883e-01
9.094827586206896131e-01
9.090909090909090606e-01
9.086956521739130155e-01
9.082969432314410563e-01
9.078947368421053099e-01
9.118942731277532854e-01
9.159292035398229892e-01
9.155555555555555669e-01
9.151785714285713969e-01
9.147982062780268819e-01
9.189189189189189699e-01
9.185520361990949789e-01
9.181818181818182101e-01
9.178082191780821963e-01
9.220183486238532344e-01
9.216589861751152135e-01
9.259259259259259300e-01
9.255813953488372103e-01
9.252336448598130758e-01
9.248826291079812467e-01
9.245283018867924696e-01
9.241706161137440700e-01
9.238095238095238582e-01
9.234449760765550685e-01
9.230769230769231282e-01
9.227053140096618256e-01
9.223300970873786753e-01
9.219512195121951637e-01
9.215686274509803377e-01
9.211822660098522020e-01
9.257425742574257876e-01
9.253731343283582156e-01
9.250000000000000444e-01
9.246231155778894539e-01
9.242424242424241987e-01
9.238578680203045623e-01
9.234693877551020114e-01
9.230769230769231282e-01
9.226804123711340733e-01
9.222797927461139356e-01
9.218750000000000000e-01
9.214659685863874072e-01
9.210526315789473450e-01
9.206349206349205838e-01
9.255319148936169693e-01
9.251336898395722264e-01
9.247311827956988806e-01
9.297297297297297813e-01
9.293478260869565410e-01
9.344262295081967595e-01
9.340659340659340781e-01
9.337016574585634832e-01
9.333333333333333481e-01
9.329608938547485630e-01
9.382022471910111960e-01
9.378531073446327859e-01
9.375000000000000000e-01
9.371428571428571663e-01
9.367816091954023205e-01
9.364161849710982422e-01
9.360465116279069742e-01
9.415204678362573132e-01
9.411764705882352811e-01
9.467455621301774649e-01
9.464285714285713969e-01
9.461077844311377438e-01
9.518072289156626065e-01
9.515151515151515360e-01
9.573170731707316694e-01
9.570552147239264063e-01
9.567901234567901536e-01
9.565217391304348116e-01
9.562500000000000444e-01
9.559748427672956073e-01
9.556962025316455556e-01
9.554140127388535131e-01
9.551282051282051766e-01
9.548387096774193505e-01
9.545454545454545858e-01
9.542483660130719469e-01
9.539473684210526550e-01
9.536423841059602502e-01
9.533333333333333659e-01
9.530201342281878762e-01
9.527027027027027417e-01
9.591836734693877098e-01
9.589041095890410427e-01
9.586206896551724421e-01
9.583333333333333703e-01
9.580419580419580194e-01
9.577464788732393819e-01
9.574468085106383475e-01
9.642857142857143016e-01
9.712230215827337698e-01
9.710144927536231707e-01
9.708029197080292327e-01
9.705882352941176405e-01
9.703703703703703276e-01
9.701492537313433084e-01
9.699248120300751896e-01
9.696969696969697239e-01
9.694656488549617812e-01
9.769230769230768940e-01
9.767441860465115866e-01
9.765625000000000000e-01
9.763779527559055538e-01
9.761904761904761640e-01
9.759999999999999787e-01
9.758064516129032473e-01
9.756097560975609539e-01
9.754098360655737432e-01
9.752066115702479054e-01
9.833333333333332815e-01
9.831932773109243184e-01
9.830508474576271638e-01
9.829059829059828557e-01
9.827586206896551380e-01
9.826086956521739024e-01
9.824561403508771384e-01
9.823008849557521849e-01
9.821428571428570953e-01
9.819819819819819440e-01
9.818181818181818121e-01
9.908256880733945504e-01
9.907407407407406996e-01
9.906542056074766345e-01
9.905660377358490587e-01
9.904761904761905100e-01
9.903846153846154188e-01
9.902912621359223344e-01
9.901960784313725839e-01
9.900990099009900902e-01
9.899999999999999911e-01
9.898989898989899450e-01
9.897959183673469274e-01
9.896907216494845727e-01
9.895833333333333703e-01
9.894736842105262831e-01
9.893617021276596146e-01
9.892473118279569988e-01
9.891304347826086474e-01
1.000000000000000000e+00
1.000000000000000000e+00
1.000000000000000000e+00
1.000000000000000000e+00
1.000000000000000000e+00
1.000000000000000000e+00
1.000000000000000000e+00
1.000000000000000000e+00
1.000000000000000000e+00
1.000000000000000000e+00
1.000000000000000000e+00
1.000000000000000000e+00
1.000000000000000000e+00
1.000000000000000000e+00
1.000000000000000000e+00
1.000000000000000000e+00
1.000000000000000000e+00
1.000000000000000000e+00
1.000000000000000000e+00
1.000000000000000000e+00
1.000000000000000000e+00
1.000000000000000000e+00
1.000000000000000000e+00
1.000000000000000000e+00
1.000000000000000000e+00
1.000000000000000000e+00
1.000000000000000000e+00
1.000000000000000000e+00
1.000000000000000000e+00
1.000000000000000000e+00
1.000000000000000000e+00
1.000000000000000000e+00
1.000000000000000000e+00
1.000000000000000000e+00
1.000000000000000000e+00
1.000000000000000000e+00
1.000000000000000000e+00
1.000000000000000000e+00
1.000000000000000000e+00
1.000000000000000000e+00
1.000000000000000000e+00
1.000000000000000000e+00
1.000000000000000000e+00
1.000000000000000000e+00
1.000000000000000000e+00
1.000000000000000000e+00
1.000000000000000000e+00
1.000000000000000000e+00
1.000000000000000000e+00
1.000000000000000000e+00
1.000000000000000000e+00
1.000000000000000000e+00
1.000000000000000000e+00
1.000000000000000000e+00
1.000000000000000000e+00
1.000000000000000000e+00
1.000000000000000000e+00
1.000000000000000000e+00
1.000000000000000000e+00
1.000000000000000000e+00
1.000000000000000000e+00
1.000000000000000000e+00
1.000000000000000000e+00
1.000000000000000000e+00
1.000000000000000000e+00
1.000000000000000000e+00
1.000000000000000000e+00
1.000000000000000000e+00
1.000000000000000000e+00
1.000000000000000000e+00
1.000000000000000000e+00
1.000000000000000000e+00
1.000000000000000000e+00
1.000000000000000000e+00
1.000000000000000000e+00
1.000000000000000000e+00
1.000000000000000000e+00
1.000000000000000000e+00
1.000000000000000000e+00
1.000000000000000000e+00
1.000000000000000000e+00
1.000000000000000000e+00
1.000000000000000000e+00
1.000000000000000000e+00
1.000000000000000000e+00
1.000000000000000000e+00
1.000000000000000000e+00
1.000000000000000000e+00
1.000000000000000000e+00
1.000000000000000000e+00
1.000000000000000000e+00
1.000000000000000000e+00
