5.000000000000000000e-01
5.004321521175453258e-01
5.008650519031141446e-01
5.012987012987012436e-01
5.021682567215958182e-01
5.026041666666666297e-01
5.030408340573414572e-01
5.039164490861618440e-01
5.043554006968641312e-01
5.056768558951965087e-01
5.061188811188811476e-01
5.056867891513561197e-01
5.061295971978984065e-01
5.065731814198072280e-01
5.070175438596491446e-01
5.074626865671642006e-01
5.079086115992970107e-01
5.074758135444151774e-01
5.079225352112676228e-01
5.074889867841410052e-01
5.070546737213403876e-01
5.075022065313327113e-01
5.093002657218778095e-01
5.097517730496453625e-01
5.106571936056838457e-01
5.111111111111110716e-01
5.124777183600712771e-01
5.129348795718108311e-01
5.133928571428570953e-01
5.138516532618409016e-01
5.143112701252235963e-01
5.152329749103942147e-01
5.156950672645740363e-01
5.161579892280071524e-01
5.166217430368373886e-01
5.180180180180180560e-01
5.175834084761046228e-01
5.180505415162455218e-01
5.176151761517615579e-01
5.180831826401446349e-01
5.185520361990950677e-01
5.190217391304348116e-01
5.194922937443335886e-01
5.199637023593466356e-01
5.204359673024523403e-01
5.209090909090908772e-01
5.213830755232029546e-01
5.218579234972677838e-01
5.223336371923427146e-01
5.228102189781022036e-01
5.242451967063128659e-01
5.247252747252747485e-01
5.252062328139321945e-01
5.295748613678373795e-01
5.300647548566141953e-01
5.305555555555555580e-01
5.330232558139534893e-01
5.335195530726256630e-01
5.340167753960857189e-01
5.345149253731342753e-01
5.350140056022408830e-01
5.345794392523364191e-01
5.337078651685392972e-01
5.342080599812558672e-01
5.347091932457785912e-01
5.352112676056337559e-01
5.378071833648393474e-01
5.383159886471144961e-01
5.388257575757575690e-01
5.383886255924170694e-01
5.388994307400379880e-01
5.394112060778727402e-01
5.399239543726235269e-01
5.404376784015223478e-01
5.414680648236415150e-01
5.419847328244274953e-01
5.425023877745940304e-01
5.430210325047800657e-01
5.435406698564593242e-01
5.440613026819923759e-01
5.445829338446788181e-01
5.451055662188100115e-01
5.461538461538461009e-01
5.466794995187680417e-01
5.462427745664739653e-01
5.467695274831243513e-01
5.472972972972972583e-01
5.478260869565216851e-01
5.499515033947623976e-01
5.510204081632652517e-01
5.515564202334630739e-01
5.520934761441090854e-01
5.526315789473684736e-01
5.542521994134896879e-01
5.547945205479452024e-01
5.543584720861900461e-01
5.565388397246804342e-01
5.598417408506429771e-01
5.620655412115194149e-01
5.631840796019900175e-01
5.637450199203187795e-01
5.643070787637088914e-01
5.648702594810379729e-01
5.659999999999999476e-01
5.665665665665665651e-01
5.671342685370741599e-01
5.677031093279839569e-01
5.714285714285713969e-01
5.720081135902637115e-01
5.725888324873096291e-01
5.749235474006115787e-01
5.755102040816326703e-01
5.750766087844739749e-01
5.756646216768915858e-01
5.762538382804504034e-01
5.768442622950820109e-01
5.774358974358974050e-01
5.770020533880902969e-01
5.775950668036998747e-01
5.787847579814624499e-01
5.805785123966942241e-01
5.811789038262668017e-01
5.829875518672199552e-01
5.835929387331256768e-01
5.841995841995841765e-01
5.848074921956295524e-01
5.854166666666666963e-01
5.884816753926701560e-01
5.890985324947589641e-01
5.897166841552990979e-01
5.903361344537815247e-01
5.909568874868559307e-01
5.911485774499473100e-01
5.917721518987342222e-01
5.930232558139535426e-01
5.936507936507936511e-01
5.942796610169491789e-01
5.949098621420997324e-01
5.955414012738853291e-01
5.961742826780020987e-01
5.968085106382978733e-01
5.980810234541578119e-01
5.987193169690501193e-01
5.993589743589743390e-01
5.999999999999999778e-01
6.006423982869378841e-01
6.012861736334405016e-01
6.019313304721030100e-01
6.025778732545650218e-01
6.032258064516129448e-01
6.038751345532831216e-01
6.045258620689655249e-01
6.058315334773217709e-01
6.064864864864865091e-01
6.071428571428570953e-01
6.078006500541711654e-01
6.084598698481561430e-01
6.080347448425624801e-01
6.086956521739130821e-01
6.093579978237214645e-01
6.100217864923747069e-01
6.106870229007633766e-01
6.113537117903929952e-01
6.120218579234972811e-01
6.126914660831509485e-01
6.133625410733843930e-01
6.140350877192982670e-01
6.147091108671789428e-01
6.153846153846154188e-01
6.160616061606161153e-01
6.167400881057268913e-01
6.174200661521499489e-01
6.181015452538631827e-01
6.194690265486725300e-01
6.201550387596899139e-01
6.208425720620842636e-01
6.215316315205327014e-01
6.211111111111110583e-01
6.218020022246940615e-01
6.224944320712695323e-01
6.231884057971014412e-01
6.238839285714286031e-01
6.245810055865921306e-01
6.252796420581655523e-01
6.248600223964165812e-01
6.255605381165919576e-01
6.262626262626262985e-01
6.276715410573677767e-01
6.283783783783783994e-01
6.290868094701239643e-01
6.297968397291195952e-01
6.319365798414495750e-01
6.333711691259932275e-01
6.340909090909090384e-01
6.336746302616609317e-01
6.343963553530751476e-01
6.351197263397947435e-01
6.358447488584474394e-01
6.365714285714285658e-01
6.361556064073226047e-01
6.368843069873997287e-01
6.376146788990825209e-01
6.383467278989667371e-01
6.390804597701149614e-01
6.398158803222094848e-01
6.401384083044983075e-01
6.408775981524249543e-01
6.416184971098265466e-01
6.423611111111111605e-01
6.431054461181923143e-01
6.438515081206496182e-01
6.445993031358885350e-01
6.461001164144354325e-01
6.468531468531468764e-01
6.467836257309941272e-01
6.475409836065574298e-01
6.478873239436619969e-01
6.486486486486486847e-01
6.494117647058823550e-01
6.501766784452296388e-01
6.509433962264150608e-01
6.517119244391971211e-01
6.524822695035461528e-01
6.532544378698225129e-01
6.540284360189573265e-01
6.548042704626334531e-01
6.555819477434678966e-01
6.563614744351962127e-01
6.571428571428571397e-01
6.587112171837709029e-01
6.602870813397129224e-01
6.610778443113772829e-01
6.618705035971222950e-01
6.626650660264105097e-01
6.634615384615384359e-01
6.642599277978339378e-01
6.638554216867469382e-01
6.646562123039807535e-01
6.670702179176755120e-01
6.678787878787878496e-01
6.686893203883494952e-01
6.695018226002430461e-01
6.703163017031630311e-01
6.711327649208282953e-01
6.719512195121951637e-01
6.715506715506714963e-01
6.719706242350060865e-01
6.727941176470588758e-01
6.736196319018404877e-01
6.744471744471745023e-01
6.752767527675276327e-01
6.748768472906403471e-01
6.757090012330456696e-01
6.773794808405438905e-01
6.782178217821782651e-01
6.790582403965303993e-01
6.799007444168734260e-01
6.807453416149068515e-01
6.815920398009950310e-01
6.824408468244084203e-01
6.832917705735660485e-01
6.841448189762796561e-01
6.850000000000000533e-01
6.875784190715181765e-01
6.884422110552763652e-01
6.880503144654087633e-01
6.889168765743073353e-01
6.928934010152284495e-01
6.937738246505718021e-01
6.946564885496183672e-01
6.955414012738853069e-01
6.973180076628352486e-01
6.982097186700767510e-01
6.978233034571063031e-01
6.987179487179486781e-01
6.983311938382541495e-01
6.979434447300770783e-01
6.988416988416988884e-01
6.997422680412370699e-01
7.006451612903226156e-01
7.015503875968992498e-01
7.024579560155239655e-01
7.070312500000000000e-01
7.079530638852672420e-01
7.088772845953003054e-01
7.098039215686274828e-01
7.107329842931937591e-01
7.116644823066841097e-01
7.125984251968503491e-01
7.122207621550591394e-01
7.131578947368421018e-01
7.140974967061923806e-01
7.150395778364115884e-01
7.146631439894319815e-01
7.142857142857143016e-01
7.152317880794701876e-01
7.161803713527851167e-01
7.171314741035856866e-01
7.180851063829787329e-01
7.190412782956058235e-01
7.199999999999999734e-01
7.209612817089452452e-01
7.219251336898395710e-01
7.228915662650602370e-01
7.238605898123324778e-01
7.267833109017496351e-01
7.283783783783783772e-01
7.293640054127198402e-01
7.289972899728996980e-01
7.299864314789688002e-01
7.296195652173913526e-01
7.306122448979591733e-01
7.312414733969986314e-01
7.322404371584699811e-01
7.332421340629274864e-01
7.342465753424657349e-01
7.352537722908093487e-01
7.362637362637363125e-01
7.372764786795048542e-01
7.382920110192837670e-01
7.379310344827586521e-01
7.385892116182573020e-01
7.406380027739251082e-01
7.402777777777778123e-01
7.413073713490959671e-01
7.423398328690807846e-01
7.433751743375174303e-01
7.444134078212290007e-01
7.454545454545454808e-01
7.464985994397759228e-01
7.461430575035062907e-01
7.471910112359551048e-01
7.482419127988748642e-01
7.492957746478873249e-01
7.489421720733426824e-01
7.485875706214689673e-01
7.496463932107496619e-01
7.507082152974504652e-01
7.500000000000000000e-01
7.510668563300142431e-01
7.521367521367521292e-01
7.532097004279600938e-01
7.528571428571428914e-01
7.525035765379113339e-01
7.521489971346705383e-01
7.517934002869440802e-01
7.514367816091953589e-01
7.510791366906475197e-01
7.507204610951008217e-01
7.503607503607503393e-01
7.514450867052022698e-01
7.525325615050650896e-01
7.521739130434782483e-01
7.514534883720930258e-01
7.510917030567685337e-01
7.521865889212827616e-01
7.532846715328467280e-01
7.543859649122807154e-01
7.540263543191800810e-01
7.536656891495601140e-01
7.533039647577092213e-01
7.544117647058823373e-01
7.548005908419497256e-01
7.559171597633136397e-01
7.555555555555555358e-01
7.566765578635015199e-01
7.574404761904761640e-01
7.570789865871833113e-01
7.567164179104477473e-01
7.563527653213751867e-01
7.559880239520958556e-01
7.556221889055472207e-01
7.567567567567567988e-01
7.575301204819276935e-01
7.586726998491704066e-01
7.594553706505294821e-01
7.606060606060606188e-01
7.602427921092564933e-01
7.598784194528875879e-01
7.610350076103500339e-01
7.606707317073170271e-01
7.618320610687022709e-01
7.614678899082568675e-01
7.638036809815951234e-01
7.634408602150537515e-01
7.642526964560862890e-01
7.654320987654320563e-01
7.650695517774342980e-01
7.662538699690402133e-01
7.674418604651163101e-01
7.670807453416148558e-01
7.667185069984447932e-01
7.663551401869158619e-01
7.659906396255850014e-01
7.656250000000000000e-01
7.668231611893583377e-01
7.664576802507836462e-01
7.660910518053375418e-01
7.653543307086614345e-01
7.661927330173775585e-01
7.658227848101265556e-01
7.654516640253565818e-01
7.650793650793650258e-01
7.647058823529411242e-01
7.659235668789808882e-01
7.671451355661882410e-01
7.667731629392970927e-01
7.684887459807073773e-01
7.681159420289854767e-01
7.698541329011344692e-01
7.711038961038960693e-01
7.723577235772357552e-01
7.732463295269168535e-01
7.728758169934640820e-01
7.741407528641570668e-01
7.750410509031199213e-01
7.746710526315789824e-01
7.759472817133442613e-01
7.772277227722772519e-01
7.768595041322313710e-01
7.781456953642383878e-01
7.777777777777777901e-01
7.775919732441471943e-01
7.781512605042016917e-01
7.794612794612794104e-01
7.790893760539628898e-01
7.823129251700680076e-01
7.819420783645656403e-01
7.815699658703071373e-01
7.829059829059829001e-01
7.825342465753424293e-01
7.821612349914236484e-01
7.835051546391752497e-01
7.827586206896551824e-01
7.823834196891191750e-01
7.820069204152249043e-01
7.816291161178509084e-01
7.842105263157894690e-01
7.838312829525483361e-01
7.834507042253521236e-01
7.848324514991181777e-01
7.862190812720848410e-01
7.876106194690265516e-01
7.872340425531915153e-01
7.868561278863233088e-01
7.882562277580070775e-01
7.878787878787878451e-01
7.892857142857142572e-01
7.906976744186046124e-01
7.951127819548872155e-01
7.947269303201506263e-01
7.962264150943396679e-01
7.958412098298677240e-01
7.950664136622390687e-01
7.965779467680608183e-01
7.961904761904762262e-01
7.958015267175572172e-01
7.954110898661568285e-01
7.950191570881226522e-01
7.946257197696736663e-01
7.942307692307691847e-01
7.938342967244701454e-01
7.926356589147286469e-01
7.922330097087378897e-01
7.918287937743190286e-01
7.910156250000000000e-01
7.901960784313725172e-01
7.897838899803536483e-01
7.889546351084812947e-01
7.881188118811881527e-01
7.896825396825396526e-01
7.892644135188866539e-01
7.888446215139441886e-01
7.871485943775100580e-01
7.867203219315895835e-01
7.898989898989898784e-01
7.894736842105263275e-01
7.918367346938774975e-01
7.934560327198364460e-01
7.950819672131147486e-01
7.971014492753623060e-01
7.966804979253111485e-01
7.983367983367983811e-01
7.974947807933193689e-01
7.970711297071130241e-01
7.987421383647799189e-01
7.978947368421052122e-01
7.995780590717299630e-01
7.991543340380549143e-01
7.995735607675905632e-01
8.012820512820513219e-01
8.008565310492505862e-01
8.025751072961373467e-01
8.017241379310344751e-01
8.034557235421165844e-01
8.051948051948052409e-01
8.030634573304157309e-01
8.026315789473684736e-01
8.039647577092511321e-01
8.057395143487858791e-01
8.049327354260089606e-01
8.044943820224719211e-01
8.040540540540540571e-01
8.072562358276643701e-01
8.106235565819861488e-01
8.088578088578088909e-01
8.084112149532710623e-01
8.079625292740046927e-01
8.075117370892018753e-01
8.070588235294117174e-01
8.066825775656324415e-01
8.062200956937799479e-01
8.057553956834532238e-01
8.076923076923077094e-01
8.072289156626506479e-01
8.158567774936061889e-01
8.134715025906735786e-01
8.129870129870130357e-01
8.151041666666666297e-01
8.222811671087533192e-01
8.257372654155495928e-01
8.247978436657682488e-01
8.278688524590164244e-01
8.269230769230768718e-01
8.230337078651684957e-01
8.253521126760563487e-01
8.299120234604105972e-01
8.294117647058824039e-01
8.303571428571429047e-01
8.313253012048192891e-01
8.308157099697884851e-01
8.303030303030303205e-01
8.292682926829267887e-01
8.287461773700305345e-01
8.282208588957055140e-01
8.276923076923077272e-01
8.271604938271605034e-01
8.266253869969040213e-01
8.260869565217391353e-01
8.255451713395638436e-01
8.270440251572327428e-01
8.361204013377926403e-01
8.355704697986576779e-01
8.350168350168349907e-01
8.321678321678321888e-01
8.315789473684210842e-01
8.309859154929577496e-01
8.303886925795053164e-01
8.297872340425531679e-01
8.327402135231316560e-01
8.357142857142857428e-01
8.351254480286738335e-01
8.398058252427184067e-01
8.439024390243902163e-01
8.480392156862744946e-01
8.421052631578946901e-01
8.465608465608465139e-01
8.510638297872340496e-01
8.502673796791443417e-01
8.494623655913978721e-01
8.486486486486486402e-01
8.469945355191257352e-01
8.461538461538461453e-01
8.453038674033148681e-01
8.499999999999999778e-01
8.491620111731843501e-01
8.483146067415729963e-01
8.474576271186440302e-01
8.465909090909090606e-01
8.457142857142857517e-01
8.430232558139535426e-01
8.421052631578946901e-01
8.470588235294117530e-01
8.461538461538461453e-01
8.452380952380952328e-01
8.502994011976048316e-01
8.493975903614457978e-01
8.484848484848485084e-01
8.536585365853658347e-01
8.527607361963189803e-01
8.518518518518518601e-01
8.509316770186335921e-01
8.499999999999999778e-01
8.535031847133758287e-01
8.525641025641025328e-01
8.580645161290322287e-01
8.571428571428570953e-01
8.618421052631578538e-01
8.599999999999999867e-01
8.590604026845637398e-01
8.551724137931034919e-01
8.541666666666666297e-01
8.521126760563380031e-01
8.499999999999999778e-01
8.489208633093525691e-01
8.478260869565217295e-01
8.529411764705882026e-01
8.518518518518518601e-01
8.507462686567164312e-01
8.560606060606060774e-01
8.549618320610686828e-01
8.538461538461538103e-01
8.527131782945736038e-01
8.515625000000000000e-01
8.503937007874016185e-01
8.492063492063491870e-01
8.548387096774193727e-01
8.617886178861788871e-01
8.559322033898305593e-01
8.547008547008546619e-01
8.534482758620689502e-01
8.508771929824561209e-01
8.468468468468468568e-01
8.476190476190476053e-01
8.543689320388349051e-01
8.529411764705882026e-01
8.514851485148514643e-01
8.499999999999999778e-01
8.636363636363636465e-01
8.620689655172413257e-01
8.705882352941176627e-01
8.690476190476190688e-01
8.674698795180723065e-01
8.641975308641974829e-01
8.625000000000000444e-01
8.717948717948718063e-01
8.701298701298700866e-01
8.684210526315789824e-01
8.666666666666666963e-01
8.648648648648649129e-01
8.630136986301369939e-01
8.571428571428570953e-01
8.550724637681159646e-01
8.529411764705882026e-01
8.507462686567164312e-01
8.484848484848485084e-01
8.461538461538461453e-01
8.412698412698412787e-01
8.524590163934425702e-01
8.666666666666666963e-01
8.813559322033898136e-01
8.793103448275861878e-01
8.771929824561403022e-01
9.038461538461538547e-01
9.062500000000000000e-01
9.032258064516128782e-01
9.000000000000000222e-01
9.259259259259259300e-01
9.230769230769231282e-01
9.200000000000000400e-01
9.166666666666666297e-01
9.090909090909090606e-01
9.047619047619047672e-01
8.947368421052631637e-01
8.888888888888888395e-01
8.750000000000000000e-01
8.666666666666666963e-01
8.571428571428570953e-01
8.333333333333333703e-01
8.181818181818182323e-01
8.000000000000000444e-01
7.500000000000000000e-01
8.333333333333333703e-01
1.000000000000000000e+00
1.000000000000000000e+00
1.000000000000000000e+00
1.000000000000000000e+00
1.000000000000000000e+00
