0.000000000000000000e+00
0.000000000000000000e+00
0.000000000000000000e+00
1.727115716753022372e-03
3.454231433506044745e-03
3.454231433506044745e-03
3.454231433506044745e-03
3.454231433506044745e-03
3.454231433506044745e-03
3.454231433506044745e-03
3.454231433506044745e-03
3.454231433506044745e-03
3.454231433506044745e-03
3.454231433506044745e-03
3.454231433506044745e-03
5.181347150259067551e-03
5.181347150259067551e-03
8.635578583765112295e-03
1.208981001727115791e-02
1.208981001727115791e-02
1.554404145077720178e-02
1.727115716753022459e-02
1.727115716753022459e-02
1.727115716753022459e-02
1.727115716753022459e-02
1.727115716753022459e-02
1.899827288428324740e-02
1.899827288428324740e-02
1.899827288428324740e-02
1.899827288428324740e-02
2.072538860103627020e-02
2.072538860103627020e-02
2.590673575129533515e-02
2.590673575129533515e-02
2.763385146804835796e-02
2.936096718480138076e-02
2.936096718480138076e-02
2.936096718480138076e-02
2.936096718480138076e-02
2.936096718480138076e-02
3.108808290155440357e-02
3.281519861830742985e-02
3.281519861830742985e-02
3.454231433506044918e-02
3.454231433506044918e-02
3.626943005181346852e-02
3.626943005181346852e-02
3.626943005181346852e-02
3.626943005181346852e-02
3.626943005181346852e-02
3.626943005181346852e-02
3.626943005181346852e-02
3.799654576856649479e-02
3.799654576856649479e-02
3.972366148531951413e-02
3.972366148531951413e-02
4.145077720207254041e-02
4.145077720207254041e-02
4.317789291882555974e-02
4.317789291882555974e-02
4.490500863557858602e-02
4.490500863557858602e-02
4.663212435233160535e-02
4.663212435233160535e-02
4.663212435233160535e-02
4.663212435233160535e-02
4.835924006908463163e-02
4.835924006908463163e-02
4.835924006908463163e-02
4.835924006908463163e-02
5.181347150259067030e-02
5.354058721934369658e-02
5.699481865284974219e-02
7.944732297063902826e-02
7.944732297063902826e-02
8.290155440414508081e-02
8.290155440414508081e-02
8.462867012089810015e-02
8.462867012089810015e-02
9.499136442141623005e-02
9.671848013816926326e-02
9.671848013816926326e-02
9.671848013816926326e-02
9.671848013816926326e-02
1.001727115716753019e-01
1.001727115716753019e-01
1.070811744386873932e-01
1.088082901554404125e-01
1.088082901554404125e-01
1.088082901554404125e-01
1.122625215889464650e-01
1.122625215889464650e-01
1.157167530224525037e-01
1.226252158894645949e-01
1.243523316062176143e-01
1.243523316062176143e-01
1.243523316062176143e-01
1.381692573402417967e-01
1.381692573402417967e-01
1.398963730569948161e-01
1.398963730569948161e-01
1.416234887737478354e-01
1.416234887737478354e-01
1.416234887737478354e-01
1.468048359240069212e-01
1.502590673575129598e-01
1.502590673575129598e-01
1.519861830742659792e-01
1.537132987910189985e-01
1.554404145077720178e-01
1.554404145077720178e-01
1.554404145077720178e-01
1.588946459412780565e-01
1.588946459412780565e-01
1.606217616580310759e-01
1.606217616580310759e-01
1.623488773747841230e-01
1.640759930915371423e-01
1.640759930915371423e-01
1.658031088082901616e-01
1.658031088082901616e-01
1.675302245250431810e-01
1.675302245250431810e-01
1.675302245250431810e-01
1.692573402417962003e-01
1.692573402417962003e-01
1.727115716753022390e-01
1.761658031088082776e-01
1.796200345423143441e-01
1.796200345423143441e-01
1.830742659758203827e-01
1.830742659758203827e-01
1.830742659758203827e-01
1.830742659758203827e-01
1.848013816925734021e-01
1.848013816925734021e-01
1.848013816925734021e-01
1.848013816925734021e-01
1.848013816925734021e-01
1.848013816925734021e-01
1.848013816925734021e-01
1.865284974093264214e-01
1.865284974093264214e-01
1.865284974093264214e-01
1.882556131260794408e-01
1.882556131260794408e-01
2.020725388601036232e-01
2.055267702936096619e-01
2.055267702936096619e-01
2.072538860103626812e-01
2.072538860103626812e-01
2.124352331606217670e-01
2.124352331606217670e-01
2.176165803108808250e-01
2.176165803108808250e-01
2.176165803108808250e-01
2.193436960276338443e-01
2.193436960276338443e-01
2.210708117443868637e-01
2.210708117443868637e-01
2.262521588946459494e-01
2.262521588946459494e-01
2.279792746113989688e-01
2.297063903281519881e-01
2.314335060449050074e-01
2.314335060449050074e-01
2.331606217616580268e-01
2.331606217616580268e-01
2.366148531951640654e-01
2.366148531951640654e-01
2.383419689119170848e-01
2.400690846286701319e-01
2.400690846286701319e-01
2.417962003454231512e-01
2.452504317789291899e-01
2.487046632124352286e-01
2.487046632124352286e-01
2.521588946459412672e-01
2.521588946459412672e-01
2.556131260794473059e-01
2.556131260794473059e-01
2.573402417962003530e-01
2.573402417962003530e-01
2.573402417962003530e-01
2.590673575129533446e-01
2.590673575129533446e-01
2.625215889464594388e-01
2.625215889464594388e-01
2.642487046632124303e-01
2.659758203799654774e-01
2.659758203799654774e-01
2.694300518134715161e-01
2.694300518134715161e-01
2.711571675302245077e-01
2.711571675302245077e-01
2.728842832469775548e-01
2.728842832469775548e-01
2.746113989637305464e-01
2.763385146804835935e-01
2.780656303972366405e-01
2.797927461139896321e-01
2.815198618307426792e-01
2.815198618307426792e-01
2.832469775474956708e-01
2.849740932642487179e-01
2.849740932642487179e-01
2.867012089810017095e-01
2.884283246977547566e-01
2.901554404145077481e-01
2.901554404145077481e-01
2.953367875647668339e-01
2.953367875647668339e-01
2.953367875647668339e-01
2.953367875647668339e-01
2.987910189982728726e-01
2.987910189982728726e-01
3.039723661485319584e-01
3.039723661485319584e-01
3.074265975820379970e-01
3.074265975820379970e-01
3.126079447322970828e-01
3.126079447322970828e-01
3.229706390328151988e-01
3.229706390328151988e-01
3.264248704663212375e-01
3.281519861830742846e-01
3.281519861830742846e-01
3.402417962003454477e-01
3.419689119170984393e-01
3.436960276338514864e-01
3.436960276338514864e-01
3.454231433506044779e-01
3.454231433506044779e-01
3.471502590673575250e-01
3.506044905008635637e-01
3.557858376511226495e-01
3.730569948186528428e-01
3.730569948186528428e-01
3.782383419689119286e-01
3.782383419689119286e-01
3.886010362694300446e-01
3.972366148531951691e-01
4.058721934369602935e-01
4.058721934369602935e-01
4.075993091537132851e-01
4.075993091537132851e-01
4.093264248704663322e-01
4.127806563039723708e-01
4.179620034542314566e-01
4.265975820379965255e-01
4.283246977547495726e-01
4.283246977547495726e-01
4.300518134715025642e-01
4.352331606217616500e-01
4.507772020725388518e-01
4.542314335060448904e-01
4.559585492227979375e-01
4.559585492227979375e-01
4.628670120898100149e-01
4.645941278065630620e-01
4.645941278065630620e-01
4.749568221070811780e-01
4.801381692573402638e-01
4.818652849740932553e-01
4.818652849740932553e-01
4.905008635578583798e-01
4.974093264248704571e-01
5.181347150259066892e-01
5.198618307426597918e-01
5.215889464594127833e-01
5.233160621761657749e-01
5.250431778929188775e-01
5.284974093264248607e-01
5.388601036269430322e-01
5.405872193436960238e-01
5.492227979274610927e-01
5.492227979274610927e-01
5.561312607944732811e-01
5.561312607944732811e-01
5.578583765112262727e-01
5.613126079447322558e-01
5.664939550949913416e-01
5.716753022452504274e-01
5.751295336787565216e-01
5.785837651122625047e-01
5.785837651122625047e-01
5.889464594127806762e-01
5.889464594127806762e-01
5.941278065630397620e-01
5.975820379965457452e-01
6.234887737478410630e-01
6.234887737478410630e-01
6.303972366148531403e-01
6.338514680483592345e-01
6.511226252158894834e-01
6.545768566493954665e-01
6.649395509499136381e-01
6.683937823834197323e-01
6.701208981001727238e-01
6.718480138169257154e-01
6.787564766839377928e-01
6.873920552677029727e-01
6.943005181347150501e-01
6.994818652849741358e-01
7.012089810017271274e-01
7.063903281519862132e-01
7.098445595854921963e-01
7.115716753022452989e-01
7.115716753022452989e-01
7.184801381692573763e-01
7.184801381692573763e-01
7.202072538860103679e-01
7.271157167530224452e-01
7.305699481865285394e-01
7.443868739205526941e-01
7.495682210708117799e-01
7.530224525043177630e-01
7.582037996545768488e-01
7.616580310880829430e-01
7.685664939550950203e-01
7.789291882556130808e-01
7.858376511226252692e-01
7.858376511226252692e-01
7.875647668393782608e-01
7.927461139896373465e-01
7.979274611398963213e-01
8.013816925734024155e-01
8.082901554404144928e-01
8.134715025906735786e-01
8.134715025906735786e-01
8.151986183074265702e-01
8.186528497409326643e-01
8.307426597582038275e-01
8.341968911917098106e-01
8.411053540587218880e-01
8.411053540587218880e-01
8.445595854922279822e-01
8.549222797927461537e-01
8.601036269430051284e-01
8.601036269430051284e-01
8.601036269430051284e-01
8.670120898100173168e-01
8.756476683937823857e-01
8.791018998272884799e-01
8.946459412780656262e-01
8.981001727115717204e-01
9.032815198618306951e-01
9.222797927461139356e-01
9.222797927461139356e-01
9.240069084628670382e-01
9.240069084628670382e-01
9.291882556131261239e-01
9.343696027633850987e-01
9.378238341968911929e-01
9.447322970639032702e-01
9.499136442141623560e-01
9.516407599309153476e-01
9.550949913644214417e-01
9.568221070811744333e-01
9.637305699481865107e-01
9.654576856649395022e-01
9.654576856649395022e-01
9.671848013816926048e-01
9.671848013816926048e-01
9.758203799654576738e-01
9.758203799654576738e-01
9.775474956822106654e-01
9.827288428324697511e-01
9.844559585492227427e-01
9.879101899827288369e-01
9.913644214162349311e-01
9.948186528497409142e-01
1.000000000000000000e+00
