0.000000000000000000e+00
3.454231433506044745e-03
5.181347150259067551e-03
6.908462867012089489e-03
1.036269430051813510e-02
1.036269430051813510e-02
1.381692573402417898e-02
1.381692573402417898e-02
1.554404145077720178e-02
2.072538860103627020e-02
2.417962003454231582e-02
2.590673575129533515e-02
3.454231433506044918e-02
3.626943005181346852e-02
3.972366148531951413e-02
8.117443868739206148e-02
8.635578583765111949e-02
8.981001727115717204e-02
8.981001727115717204e-02
9.326424870466321071e-02
9.499136442141623005e-02
9.499136442141623005e-02
1.001727115716753019e-01
1.018998272884283213e-01
1.053540587219343738e-01
1.070811744386873932e-01
1.070811744386873932e-01
1.105354058721934318e-01
1.243523316062176143e-01
1.295336787564766723e-01
1.312607944732297194e-01
1.312607944732297194e-01
1.381692573402417967e-01
1.416234887737478354e-01
1.468048359240069212e-01
1.485319516407599405e-01
1.537132987910189985e-01
1.588946459412780565e-01
1.640759930915371423e-01
1.692573402417962003e-01
1.709844559585492196e-01
1.727115716753022390e-01
1.761658031088082776e-01
1.813471502590673634e-01
1.848013816925734021e-01
2.020725388601036232e-01
2.037996545768566425e-01
2.107081174438687476e-01
2.176165803108808250e-01
2.366148531951640654e-01
2.469775474956822092e-01
2.487046632124352286e-01
2.487046632124352286e-01
2.538860103626943143e-01
2.590673575129533446e-01
2.590673575129533446e-01
2.607944732297063917e-01
2.677029360967184690e-01
2.694300518134715161e-01
2.694300518134715161e-01
2.728842832469775548e-01
2.970639032815198810e-01
3.436960276338514864e-01
3.454231433506044779e-01
3.488773747841105166e-01
3.488773747841105166e-01
3.523316062176165553e-01
3.557858376511226495e-01
3.557858376511226495e-01
3.626943005181347268e-01
3.626943005181347268e-01
3.626943005181347268e-01
3.626943005181347268e-01
3.661485319516407655e-01
3.661485319516407655e-01
3.696027633851468042e-01
4.075993091537132851e-01
4.093264248704663322e-01
4.162348877374784095e-01
4.300518134715025642e-01
4.352331606217616500e-01
4.386873920552676887e-01
4.455958549222797660e-01
4.525043177892918989e-01
4.542314335060448904e-01
4.576856649395509291e-01
4.594127806563039762e-01
4.611398963730569678e-01
4.680483592400691006e-01
4.680483592400691006e-01
4.697754749568220922e-01
4.697754749568220922e-01
4.715025906735751393e-01
5.975820379965457452e-01
5.975820379965457452e-01
6.010362694300518394e-01
6.062176165803109251e-01
6.062176165803109251e-01
6.079447322970639167e-01
6.079447322970639167e-01
6.131260794473230025e-01
6.390328151986183203e-01
6.424870466321243034e-01
6.424870466321243034e-01
6.442141623488774060e-01
6.493955094991364918e-01
6.528497409326424750e-01
6.545768566493954665e-01
6.580310880829015607e-01
6.597582037996545523e-01
6.597582037996545523e-01
6.614853195164075439e-01
6.701208981001727238e-01
6.718480138169257154e-01
6.856649395509498701e-01
6.873920552677029727e-01
6.873920552677029727e-01
6.891191709844559643e-01
6.994818652849741358e-01
7.063903281519862132e-01
7.098445595854921963e-01
7.512953367875647714e-01
7.616580310880829430e-01
7.651122625215889261e-01
7.685664939550950203e-01
7.685664939550950203e-01
7.737478411053541061e-01
7.789291882556130808e-01
7.789291882556130808e-01
7.823834196891191750e-01
7.841105354058721666e-01
7.927461139896373465e-01
7.979274611398963213e-01
7.979274611398963213e-01
8.031088082901554071e-01
8.048359240069085097e-01
8.048359240069085097e-01
8.100172711571674844e-01
8.134715025906735786e-01
8.169257340241796728e-01
8.169257340241796728e-01
8.186528497409326643e-01
8.221070811744386475e-01
8.238341968911917501e-01
8.307426597582038275e-01
8.324697754749568190e-01
8.324697754749568190e-01
8.359240069084629132e-01
8.376511226252159048e-01
8.376511226252159048e-01
8.428324697754749906e-01
8.480138169257340763e-01
8.514680483592400595e-01
8.549222797927461537e-01
8.566493955094991453e-01
8.566493955094991453e-01
8.583765112262521368e-01
8.583765112262521368e-01
8.652849740932642142e-01
8.652849740932642142e-01
8.687392055267703084e-01
8.687392055267703084e-01
8.721934369602762915e-01
8.756476683937823857e-01
8.756476683937823857e-01
8.825561312607944631e-01
8.825561312607944631e-01
8.842832469775474546e-01
8.842832469775474546e-01
8.911917098445595320e-01
8.911917098445595320e-01
8.929188255613126346e-01
8.946459412780656262e-01
8.963730569948186178e-01
9.032815198618306951e-01
9.101899827288428835e-01
9.101899827288428835e-01
9.119170984455958751e-01
9.153713298791018582e-01
9.188255613126079524e-01
9.188255613126079524e-01
9.205526770293609440e-01
9.205526770293609440e-01
9.222797927461139356e-01
9.222797927461139356e-01
9.240069084628670382e-01
9.274611398963730213e-01
9.274611398963730213e-01
9.309153713298791155e-01
9.309153713298791155e-01
9.326424870466321071e-01
9.326424870466321071e-01
9.343696027633850987e-01
9.343696027633850987e-01
9.343696027633850987e-01
9.343696027633850987e-01
9.378238341968911929e-01
9.378238341968911929e-01
9.378238341968911929e-01
9.378238341968911929e-01
9.378238341968911929e-01
9.395509499136441844e-01
9.395509499136441844e-01
9.412780656303972870e-01
9.447322970639032702e-01
9.447322970639032702e-01
9.481865284974093644e-01
9.481865284974093644e-01
9.499136442141623560e-01
9.499136442141623560e-01
9.516407599309153476e-01
9.516407599309153476e-01
9.533678756476683391e-01
9.533678756476683391e-01
9.533678756476683391e-01
9.533678756476683391e-01
9.550949913644214417e-01
9.550949913644214417e-01
9.568221070811744333e-01
9.568221070811744333e-01
9.620034542314335191e-01
9.620034542314335191e-01
9.637305699481865107e-01
9.637305699481865107e-01
9.637305699481865107e-01
9.637305699481865107e-01
9.654576856649395022e-01
9.654576856649395022e-01
9.654576856649395022e-01
9.671848013816926048e-01
9.671848013816926048e-01
9.671848013816926048e-01
9.671848013816926048e-01
9.689119170984455964e-01
9.689119170984455964e-01
9.689119170984455964e-01
9.689119170984455964e-01
9.706390328151985880e-01
9.706390328151985880e-01
9.706390328151985880e-01
9.706390328151985880e-01
9.723661485319516906e-01
9.723661485319516906e-01
9.723661485319516906e-01
9.740932642487046822e-01
9.740932642487046822e-01
9.758203799654576738e-01
9.758203799654576738e-01
9.758203799654576738e-01
9.775474956822106654e-01
9.775474956822106654e-01
9.775474956822106654e-01
9.775474956822106654e-01
9.775474956822106654e-01
9.775474956822106654e-01
9.775474956822106654e-01
9.792746113989637680e-01
9.792746113989637680e-01
9.810017271157167595e-01
9.810017271157167595e-01
9.810017271157167595e-01
9.810017271157167595e-01
9.810017271157167595e-01
9.810017271157167595e-01
9.810017271157167595e-01
9.810017271157167595e-01
9.827288428324697511e-01
9.827288428324697511e-01
9.827288428324697511e-01
9.827288428324697511e-01
9.827288428324697511e-01
9.827288428324697511e-01
9.861830742659758453e-01
9.879101899827288369e-01
9.879101899827288369e-01
9.879101899827288369e-01
9.879101899827288369e-01
9.879101899827288369e-01
9.879101899827288369e-01
9.879101899827288369e-01
9.913644214162349311e-01
9.913644214162349311e-01
9.930915371329879227e-01
9.930915371329879227e-01
9.930915371329879227e-01
9.930915371329879227e-01
9.948186528497409142e-01
9.948186528497409142e-01
9.965457685664939058e-01
9.965457685664939058e-01
9.965457685664939058e-01
9.965457685664939058e-01
9.965457685664939058e-01
9.965457685664939058e-01
9.982728842832470084e-01
9.982728842832470084e-01
1.000000000000000000e+00
1.000000000000000000e+00
1.000000000000000000e+00
1.000000000000000000e+00
1.000000000000000000e+00
1.000000000000000000e+00
1.000000000000000000e+00
1.000000000000000000e+00
1.000000000000000000e+00
1.000000000000000000e+00
1.000000000000000000e+00
1.000000000000000000e+00
1.000000000000000000e+00
1.000000000000000000e+00
1.000000000000000000e+00
1.000000000000000000e+00
1.000000000000000000e+00
1.000000000000000000e+00
1.000000000000000000e+00
1.000000000000000000e+00
1.000000000000000000e+00
1.000000000000000000e+00
1.000000000000000000e+00
1.000000000000000000e+00
1.000000000000000000e+00
