5.000000000000000000e-01
5.004321521175453258e-01
5.008650519031141446e-01
5.012987012987012436e-01
5.017331022530329143e-01
5.021682567215958182e-01
5.026041666666666297e-01
5.030408340573414572e-01
5.034782608695652639e-01
5.039164490861618440e-01
5.043554006968641312e-01
5.052356020942407877e-01
5.061188811188811476e-01
5.065616797900261981e-01
5.070052539404553693e-01
5.074496056091147844e-01
5.087873462214411724e-01
5.092348284960421800e-01
5.096830985915492551e-01
5.101321585903083600e-01
5.105820105820105814e-01
5.137533274179236775e-01
5.142095914742451646e-01
5.146666666666667167e-01
5.151245551601423278e-01
5.155832591273374899e-01
5.160427807486630547e-01
5.165031222123104282e-01
5.169642857142857650e-01
5.174262734584450518e-01
5.183527305282005226e-01
5.230352303523034818e-01
5.235081374321880476e-01
5.239819004524887136e-01
5.249320036264732980e-01
5.254083484573502938e-01
5.263636363636363669e-01
5.268425841674249099e-01
5.273224043715847298e-01
5.282846715328467502e-01
5.302197802197802234e-01
5.316804407713499048e-01
5.386046511627906597e-01
5.396085740913326712e-01
5.401119402985075091e-01
5.406162464985994065e-01
5.411214953271028527e-01
5.416276894293732269e-01
5.421348314606742047e-01
5.426429240862230552e-01
5.446848541862653326e-01
5.451977401129943779e-01
5.457115928369462576e-01
5.462264150943396679e-01
5.467422096317280378e-01
5.472589792060491565e-01
5.477767265846735789e-01
5.482954545454545858e-01
5.488151658767772556e-01
5.498575498575498655e-01
5.503802281368821436e-01
5.499524262607040637e-01
5.504761904761904523e-01
5.510009532888465733e-01
5.574879227053139985e-01
5.580270793036750110e-01
5.585672797676669576e-01
5.591085271317829397e-01
5.596508244422890854e-01
5.601941747572815045e-01
5.607385811467444636e-01
5.612840466926070082e-01
5.634765625000000000e-01
5.640273704789834364e-01
5.656862745098039102e-01
5.662414131501471992e-01
5.667976424361492738e-01
5.673549655850540496e-01
5.679133858267716439e-01
5.684729064039408808e-01
5.690335305719921299e-01
5.695952615992102563e-01
5.701581027667984580e-01
5.707220573689416598e-01
5.702970297029702484e-01
5.708622398414271437e-01
5.714285714285713969e-01
5.710029791459781956e-01
5.715705765407554928e-01
5.721393034825870139e-01
5.727091633466135923e-01
5.732801595214357393e-01
5.738522954091815897e-01
5.744255744255744034e-01
5.755755755755755931e-01
5.761523046092184019e-01
5.780463242698892223e-01
5.786290322580645018e-01
5.777777777777777235e-01
5.795339412360689391e-01
5.801217038539553394e-01
5.830784913353720400e-01
5.836734693877551061e-01
5.842696629213482984e-01
5.848670756646217050e-01
5.854657113613100927e-01
5.860655737704918433e-01
5.872689938398357734e-01
5.878725590955806712e-01
5.884773662551440188e-01
5.890834191555097687e-01
5.896907216494845505e-01
5.910973084886128603e-01
6.059637912673055959e-01
6.072572038420490648e-01
6.079059829059828557e-01
6.085561497326202884e-01
6.098606645230439938e-01
6.105150214592274249e-01
6.111707841031149835e-01
6.131465517241379004e-01
6.133909287257018894e-01
6.140540540540539993e-01
6.147186147186146643e-01
6.153846153846154188e-01
6.160520607375271629e-01
6.173913043478260754e-01
6.180631120783460775e-01
6.194111232279171375e-01
6.200873362445414871e-01
6.214442013129103382e-01
6.221248630887185049e-01
6.228070175438596978e-01
6.230769230769230838e-01
6.237623762376237613e-01
6.244493392070484816e-01
6.251378169790517969e-01
6.258278145695364003e-01
6.265193370165745845e-01
6.272123893805309214e-01
6.279069767441860517e-01
6.274944567627493974e-01
6.295884315906562501e-01
6.316964285714286031e-01
6.324022346368715075e-01
6.338185890257558297e-01
6.345291479820628355e-01
6.366704161979752641e-01
6.373873873873874274e-01
6.381059751972942840e-01
6.388261851015801795e-01
6.395480225988700029e-01
6.391402714932126194e-01
6.398640996602491526e-01
6.405895691609977405e-01
6.413166855845630066e-01
6.420454545454545858e-01
6.435079726651480314e-01
6.431014823261117508e-01
6.438356164383561842e-01
6.434285714285714608e-01
6.441647597254004376e-01
6.471264367816091934e-01
6.467203682393556363e-01
6.474654377880184608e-01
6.482122260668973235e-01
6.497109826589595460e-01
6.504629629629629095e-01
6.512166859791425066e-01
6.523255813953487969e-01
6.561403508771930237e-01
6.569086651053863690e-01
6.576787807737397573e-01
6.592244418331374423e-01
6.588235294117646967e-01
6.595995288574794113e-01
6.603773584905660021e-01
6.611570247933884481e-01
6.619385342789597670e-01
6.635071090047393039e-01
6.658739595719381787e-01
6.654761904761904434e-01
6.678614097968936791e-01
6.686602870813397326e-01
6.780072904009720736e-01
6.796589524969549601e-01
6.804878048780488298e-01
6.813186813186813406e-01
6.821515892420537686e-01
6.829865361077110952e-01
6.838235294117647189e-01
6.846625766871166086e-01
6.863468634686347158e-01
6.868064118372380067e-01
6.876543209876543328e-01
6.890547263681592316e-01
6.907730673316708758e-01
6.903870162297128799e-01
6.912500000000000311e-01
6.952141057934508872e-01
6.960907944514501677e-01
6.969696969696970168e-01
6.987341772151898223e-01
6.996197718631178564e-01
7.005076142131979600e-01
7.013977128335451283e-01
7.022900763358778109e-01
7.031847133757961332e-01
7.040816326530612290e-01
7.049808429118773478e-01
7.058823529411765163e-01
7.067861715749039764e-01
7.076923076923077316e-01
7.086007702182285373e-01
7.082262210796914648e-01
7.091377091377091268e-01
7.105943152454780032e-01
7.115135834411384641e-01
7.111398963730569678e-01
7.120622568093385452e-01
7.129870129870129469e-01
7.139141742522756573e-01
7.148437500000000000e-01
7.157757496740547731e-01
7.150326797385621047e-01
7.159685863874345468e-01
7.169069462647443824e-01
7.178477690288713742e-01
7.237715803452855479e-01
7.234042553191489811e-01
7.243675099866844214e-01
7.253333333333333854e-01
7.249666221628838780e-01
7.259358288770053624e-01
7.308209959623149787e-01
7.318059299191375100e-01
7.327935222672065096e-01
7.337837837837838384e-01
7.357723577235771861e-01
7.354138398914518149e-01
7.350543478260869179e-01
7.360544217687075008e-01
7.370572207084468142e-01
7.380627557980899978e-01
7.400820793433652289e-01
7.410958904109589129e-01
7.421124828532236206e-01
7.417582417582417875e-01
7.427785419532324518e-01
7.424242424242424310e-01
7.434482758620689635e-01
7.444751381215469754e-01
7.455048409405256038e-01
7.465373961218836341e-01
7.475728155339805836e-01
7.468706536856745126e-01
7.479108635097493352e-01
7.489539748953975007e-01
7.500000000000000000e-01
7.510489510489510856e-01
7.507002801120448154e-01
7.503506311360448322e-01
7.531734837799718418e-01
7.542372881355932090e-01
7.553041018387552930e-01
7.563739376770538536e-01
7.574468085106382809e-01
7.585227272727272929e-01
7.581792318634423822e-01
7.592592592592593004e-01
7.603423680456490308e-01
7.614285714285714546e-01
7.610872675250357489e-01
7.621776504297994581e-01
7.625899280575539896e-01
7.622478386167147457e-01
7.619047619047618625e-01
7.626628075253256700e-01
7.659883720930232842e-01
7.656477438136827240e-01
7.653061224489795533e-01
7.649635036496350571e-01
7.646198830409356439e-01
7.632352941176470118e-01
7.628865979381442841e-01
7.636632200886263044e-01
7.633136094674556338e-01
7.644444444444444819e-01
7.640949554896142581e-01
7.637444279346210507e-01
7.633928571428570953e-01
7.630402384500745150e-01
7.641791044776119479e-01
7.638266068759341776e-01
7.649700598802394724e-01
7.646176911544227961e-01
7.642642642642643036e-01
7.639097744360902054e-01
7.635542168674698260e-01
7.647058823529411242e-01
7.651515151515151381e-01
7.647951441578149101e-01
7.644376899696048167e-01
7.656012176560121896e-01
7.652439024390244038e-01
7.648854961832061150e-01
7.660550458715595923e-01
7.656967840735069419e-01
7.653374233128834581e-01
7.649769585253456405e-01
7.646153846153845857e-01
7.657935285053929508e-01
7.669753086419752730e-01
7.666151468315300921e-01
7.678018575851393024e-01
7.689922480620154932e-01
7.701863354037267184e-01
7.713841368584758440e-01
7.710280373831776002e-01
7.703124999999999556e-01
7.699530516431924987e-01
7.695924764890281766e-01
7.697160883280756982e-01
7.693522906793048843e-01
7.689873417721518889e-01
7.686212361331220544e-01
7.698412698412698818e-01
7.710651828298886734e-01
7.722929936305732435e-01
7.719298245614034659e-01
7.711999999999999966e-01
7.724358974358974672e-01
7.733118971061093694e-01
7.743506493506493449e-01
7.739837398373983213e-01
7.748776508972267107e-01
7.757774140752864422e-01
7.754098360655737876e-01
7.766830870279146648e-01
7.779605263157894912e-01
7.772277227722772519e-01
7.777777777777777901e-01
7.774086378737541381e-01
7.770382695507487281e-01
7.766666666666666163e-01
7.779632721202003331e-01
7.775919732441471943e-01
7.764705882352941346e-01
7.777777777777777901e-01
7.766497461928933976e-01
7.773972602739726012e-01
7.770154373927958824e-01
7.789291882556130808e-01
7.802768166089965041e-01
7.804878048780488076e-01
7.801047120418848069e-01
7.797202797202796853e-01
7.793345008756566994e-01
7.807017543859648967e-01
7.840707964601769664e-01
7.836879432624113129e-01
7.833037300177619899e-01
7.809694793536804402e-01
7.903846153846153522e-01
7.899807321772639446e-01
7.895752895752895517e-01
7.887596899224805780e-01
7.879377431906614548e-01
7.980000000000000426e-01
7.975951903807615428e-01
7.991967871485943231e-01
8.004032258064516236e-01
8.004115226337448208e-01
8.000000000000000444e-01
7.995824634655532837e-01
7.991631799163180228e-01
8.008385744234800541e-01
8.025210084033613800e-01
8.021052631578947656e-01
8.012684989429175175e-01
8.008474576271186196e-01
8.000000000000000444e-01
8.021505376344085780e-01
8.017241379310344751e-01
8.034557235421165844e-01
8.030303030303029832e-01
8.026030368763557021e-01
8.049886621315193169e-01
8.045454545454545636e-01
8.041002277904327755e-01
8.036529680365296358e-01
8.054919908466818823e-01
8.073394495412844485e-01
8.068965517241378782e-01
8.087557603686635899e-01
8.074245939675174233e-01
8.103044496487119552e-01
8.122065727699530058e-01
8.141176470588235015e-01
8.198198198198197728e-01
8.192771084337349130e-01
8.217522658610272313e-01
8.212121212121211711e-01
8.237082066869301222e-01
8.240740740740740700e-01
8.235294117647058432e-01
8.255451713395638436e-01
8.244514106583071822e-01
8.238993710691824290e-01
8.242811501597444579e-01
8.220064724919093901e-01
8.214285714285713969e-01
8.208469055374593148e-01
8.190789473684210176e-01
8.169491525423728806e-01
8.172413793103447954e-01
8.166089965397923534e-01
8.294573643410853014e-01
8.287937743190662010e-01
8.281250000000000000e-01
8.313725490196078871e-01
8.333333333333333703e-01
8.366533864541833010e-01
8.433734939759036653e-01
8.467741935483871218e-01
8.442622950819672623e-01
8.477366255144033191e-01
8.471074380165288797e-01
8.464730290456431439e-01
8.451882845188284366e-01
8.487394957983193100e-01
8.481012658227847778e-01
8.474576271186440302e-01
8.504273504273504036e-01
8.431372549019607865e-01
8.449197860962567308e-01
8.432432432432432901e-01
8.478260869565217295e-01
8.469945355191257352e-01
8.483146067415729963e-01
8.474576271186440302e-01
8.522727272727272929e-01
8.571428571428570953e-01
8.546511627906976383e-01
8.538011695906432275e-01
8.529411764705882026e-01
8.520710059171597850e-01
8.571428571428570953e-01
8.562874251497005762e-01
8.562499999999999556e-01
8.750000000000000000e-01
8.776978417266186883e-01
8.759124087591241281e-01
8.740740740740741144e-01
8.731343283582089221e-01
8.629032258064516236e-01
8.606557377049179891e-01
8.644067796610169774e-01
8.632478632478632896e-01
8.620689655172413257e-01
8.684210526315789824e-01
8.672566371681416086e-01
8.715596330275229286e-01
8.703703703703703498e-01
8.691588785046728827e-01
8.679245283018868218e-01
8.640776699029125707e-01
8.627450980392157298e-01
8.613861386138613740e-01
8.599999999999999867e-01
8.673469387755101678e-01
8.659793814432990011e-01
8.645833333333333703e-01
8.631578947368421240e-01
8.695652173913043237e-01
8.681318681318681563e-01
8.666666666666666963e-01
8.651685393258427004e-01
8.636363636363636465e-01
8.735632183908046411e-01
8.720930232558139483e-01
8.674698795180723065e-01
8.658536585365853577e-01
8.641975308641974829e-01
8.625000000000000444e-01
8.607594936708861111e-01
8.589743589743589203e-01
8.571428571428570953e-01
8.552631578947368363e-01
8.533333333333333881e-01
8.493150684931506378e-01
8.611111111111111605e-01
8.591549295774647543e-01
8.550724637681159646e-01
8.529411764705882026e-01
8.461538461538461453e-01
8.593750000000000000e-01
8.571428571428570953e-01
8.524590163934425702e-01
8.666666666666666963e-01
8.644067796610169774e-01
8.620689655172413257e-01
8.867924528301887044e-01
8.846153846153845812e-01
8.750000000000000000e-01
8.695652173913043237e-01
8.333333333333333703e-01
8.235294117647058432e-01
8.000000000000000444e-01
7.500000000000000000e-01
7.272727272727272929e-01
8.000000000000000444e-01
7.777777777777777901e-01
7.500000000000000000e-01
8.571428571428570953e-01
8.333333333333333703e-01
8.000000000000000444e-01
1.000000000000000000e+00
1.000000000000000000e+00
1.000000000000000000e+00
