0.000000000000000000e+00
0.000000000000000000e+00
0.000000000000000000e+00
1.727115716753022372e-03
1.727115716753022372e-03
3.454231433506044745e-03
3.454231433506044745e-03
5.181347150259067551e-03
5.181347150259067551e-03
5.181347150259067551e-03
5.181347150259067551e-03
5.181347150259067551e-03
5.181347150259067551e-03
5.181347150259067551e-03
5.181347150259067551e-03
1.036269430051813510e-02
1.381692573402417898e-02
1.381692573402417898e-02
1.554404145077720178e-02
1.554404145077720178e-02
1.554404145077720178e-02
1.727115716753022459e-02
1.727115716753022459e-02
1.727115716753022459e-02
1.727115716753022459e-02
1.727115716753022459e-02
1.899827288428324740e-02
1.899827288428324740e-02
1.899827288428324740e-02
1.899827288428324740e-02
1.899827288428324740e-02
2.072538860103627020e-02
2.072538860103627020e-02
2.245250431778929301e-02
2.245250431778929301e-02
2.417962003454231582e-02
2.417962003454231582e-02
2.417962003454231582e-02
2.417962003454231582e-02
2.590673575129533515e-02
2.590673575129533515e-02
2.763385146804835796e-02
2.763385146804835796e-02
2.936096718480138076e-02
2.936096718480138076e-02
2.936096718480138076e-02
2.936096718480138076e-02
2.936096718480138076e-02
3.108808290155440357e-02
3.972366148531951413e-02
4.145077720207254041e-02
4.145077720207254041e-02
4.317789291882555974e-02
4.317789291882555974e-02
4.317789291882555974e-02
4.663212435233160535e-02
4.663212435233160535e-02
4.835924006908463163e-02
4.835924006908463163e-02
5.008635578583765097e-02
5.008635578583765097e-02
5.526770293609671592e-02
6.044905008635578780e-02
6.217616580310880714e-02
6.217616580310880714e-02
6.390328151986182648e-02
6.390328151986182648e-02
6.390328151986182648e-02
6.563039723661485969e-02
6.563039723661485969e-02
6.735751295336787903e-02
7.081174438687391770e-02
7.253886010362693704e-02
7.426597582037997025e-02
7.599309153713298959e-02
7.599309153713298959e-02
9.153713298791019137e-02
9.153713298791019137e-02
9.326424870466321071e-02
9.499136442141623005e-02
9.499136442141623005e-02
9.499136442141623005e-02
9.499136442141623005e-02
9.671848013816926326e-02
9.671848013816926326e-02
9.671848013816926326e-02
9.844559585492228260e-02
9.844559585492228260e-02
1.001727115716753019e-01
1.018998272884283213e-01
1.018998272884283213e-01
1.036269430051813406e-01
1.036269430051813406e-01
1.364421416234887774e-01
1.398963730569948161e-01
1.433506044905008547e-01
1.433506044905008547e-01
1.450777202072538741e-01
1.450777202072538741e-01
1.485319516407599405e-01
1.485319516407599405e-01
1.571675302245250372e-01
1.571675302245250372e-01
1.588946459412780565e-01
1.588946459412780565e-01
1.623488773747841230e-01
1.623488773747841230e-01
1.623488773747841230e-01
1.623488773747841230e-01
1.623488773747841230e-01
1.658031088082901616e-01
1.658031088082901616e-01
1.675302245250431810e-01
1.675302245250431810e-01
1.709844559585492196e-01
1.727115716753022390e-01
1.744386873920552583e-01
1.744386873920552583e-01
1.882556131260794408e-01
1.882556131260794408e-01
1.882556131260794408e-01
2.107081174438687476e-01
2.107081174438687476e-01
2.107081174438687476e-01
2.158894645941278057e-01
2.176165803108808250e-01
2.176165803108808250e-01
2.193436960276338443e-01
2.210708117443868637e-01
2.245250431778929301e-01
2.245250431778929301e-01
2.279792746113989688e-01
2.279792746113989688e-01
2.297063903281519881e-01
2.297063903281519881e-01
2.297063903281519881e-01
2.314335060449050074e-01
2.314335060449050074e-01
2.331606217616580268e-01
2.331606217616580268e-01
2.366148531951640654e-01
2.366148531951640654e-01
2.400690846286701319e-01
2.400690846286701319e-01
2.435233160621761705e-01
2.452504317789291899e-01
2.469775474956822092e-01
2.469775474956822092e-01
2.469775474956822092e-01
2.521588946459412672e-01
2.521588946459412672e-01
2.538860103626943143e-01
2.538860103626943143e-01
2.538860103626943143e-01
2.538860103626943143e-01
2.607944732297063917e-01
2.607944732297063917e-01
2.642487046632124303e-01
2.642487046632124303e-01
2.659758203799654774e-01
2.659758203799654774e-01
2.677029360967184690e-01
2.677029360967184690e-01
2.694300518134715161e-01
2.711571675302245077e-01
2.711571675302245077e-01
2.728842832469775548e-01
2.728842832469775548e-01
2.746113989637305464e-01
2.746113989637305464e-01
2.763385146804835935e-01
2.763385146804835935e-01
2.780656303972366405e-01
2.780656303972366405e-01
2.780656303972366405e-01
2.780656303972366405e-01
2.832469775474956708e-01
2.849740932642487179e-01
2.849740932642487179e-01
2.867012089810017095e-01
2.884283246977547566e-01
2.884283246977547566e-01
2.936096718480138423e-01
2.936096718480138423e-01
3.022452504317789113e-01
3.074265975820379970e-01
3.074265975820379970e-01
3.143350604490500744e-01
3.143350604490500744e-01
3.229706390328151988e-01
3.229706390328151988e-01
3.246977547495682459e-01
3.246977547495682459e-01
3.281519861830742846e-01
3.316062176165803232e-01
3.367875647668393535e-01
3.367875647668393535e-01
3.402417962003454477e-01
3.454231433506044779e-01
3.540587219343696024e-01
3.557858376511226495e-01
3.557858376511226495e-01
3.592400690846286881e-01
3.592400690846286881e-01
3.713298791018998513e-01
3.765112262521588815e-01
3.765112262521588815e-01
3.851468048359240059e-01
3.851468048359240059e-01
3.868739205526770530e-01
3.903281519861830917e-01
3.920552677029360833e-01
3.920552677029360833e-01
4.110535405872193238e-01
4.145077720207253624e-01
4.179620034542314566e-01
4.265975820379965255e-01
4.283246977547495726e-01
4.283246977547495726e-01
4.317789291882556113e-01
4.369602763385146971e-01
4.386873920552676887e-01
4.404145077720207357e-01
4.438687392055267744e-01
4.542314335060448904e-01
4.576856649395509291e-01
4.784110535405872167e-01
4.801381692573402638e-01
4.853195164075992940e-01
4.853195164075992940e-01
4.905008635578583798e-01
4.939550949913644184e-01
5.008635578583765513e-01
5.008635578583765513e-01
5.043177892918825345e-01
5.077720207253886286e-01
5.164075993091536976e-01
5.198618307426597918e-01
5.233160621761657749e-01
5.267702936096718691e-01
5.302245250431778523e-01
5.302245250431778523e-01
5.371329879101899296e-01
5.388601036269430322e-01
5.388601036269430322e-01
5.405872193436960238e-01
5.405872193436960238e-01
5.440414507772021180e-01
5.509499136442141953e-01
5.509499136442141953e-01
5.578583765112262727e-01
5.630397236614853584e-01
5.647668393782383500e-01
5.682210708117443332e-01
5.699481865284974358e-01
5.803108808290154963e-01
5.803108808290154963e-01
5.924006908462866594e-01
5.941278065630397620e-01
5.975820379965457452e-01
6.010362694300518394e-01
6.027633851468048309e-01
6.062176165803109251e-01
6.079447322970639167e-01
6.113989637305698999e-01
6.183074265975820882e-01
6.200345423143350798e-01
6.252158894645941656e-01
6.286701208981001487e-01
6.321243523316062429e-01
6.355785837651122261e-01
6.390328151986183203e-01
6.822107081174438870e-01
6.873920552677029727e-01
6.943005181347150501e-01
6.977547495682210332e-01
7.063903281519862132e-01
7.150259067357512821e-01
7.167530224525042737e-01
7.219343696027633595e-01
7.219343696027633595e-01
7.236614853195164621e-01
7.305699481865285394e-01
7.322970639032815310e-01
7.357512953367875141e-01
7.461139896373056857e-01
7.461139896373056857e-01
7.495682210708117799e-01
7.495682210708117799e-01
7.651122625215889261e-01
7.702936096718480119e-01
7.720207253886010035e-01
7.789291882556130808e-01
7.910189982728842439e-01
8.134715025906735786e-01
8.169257340241796728e-01
8.169257340241796728e-01
8.186528497409326643e-01
8.221070811744386475e-01
8.359240069084629132e-01
8.428324697754749906e-01
8.531951640759930511e-01
8.566493955094991453e-01
8.808290155440414715e-01
8.860103626943005573e-01
8.929188255613126346e-01
8.963730569948186178e-01
8.998272884283247119e-01
9.032815198618306951e-01
9.050086355785837977e-01
9.084628670120897809e-01
9.119170984455958751e-01
9.291882556131261239e-01
9.326424870466321071e-01
9.464594127806562618e-01
9.585492227979274249e-01
9.654576856649395022e-01
9.706390328151985880e-01
9.758203799654576738e-01
9.827288428324697511e-01
1.000000000000000000e+00
