0.000000000000000000e+00
0.000000000000000000e+00
0.000000000000000000e+00
1.727115716753022372e-03
3.454231433506044745e-03
3.454231433506044745e-03
3.454231433506044745e-03
3.454231433506044745e-03
3.454231433506044745e-03
3.454231433506044745e-03
6.908462867012089489e-03
6.908462867012089489e-03
8.635578583765112295e-03
8.635578583765112295e-03
8.635578583765112295e-03
1.208981001727115791e-02
1.208981001727115791e-02
1.381692573402417898e-02
1.381692573402417898e-02
1.554404145077720178e-02
1.554404145077720178e-02
1.899827288428324740e-02
1.899827288428324740e-02
1.899827288428324740e-02
1.899827288428324740e-02
1.899827288428324740e-02
2.072538860103627020e-02
2.072538860103627020e-02
2.245250431778929301e-02
2.245250431778929301e-02
2.763385146804835796e-02
2.936096718480138076e-02
2.936096718480138076e-02
2.936096718480138076e-02
2.936096718480138076e-02
2.936096718480138076e-02
3.108808290155440357e-02
3.108808290155440357e-02
3.281519861830742985e-02
3.281519861830742985e-02
3.281519861830742985e-02
3.281519861830742985e-02
3.454231433506044918e-02
3.454231433506044918e-02
3.454231433506044918e-02
3.454231433506044918e-02
3.454231433506044918e-02
3.626943005181346852e-02
3.799654576856649479e-02
3.799654576856649479e-02
3.972366148531951413e-02
4.145077720207254041e-02
4.317789291882555974e-02
4.317789291882555974e-02
4.490500863557858602e-02
4.490500863557858602e-02
4.663212435233160535e-02
4.663212435233160535e-02
4.663212435233160535e-02
5.008635578583765097e-02
5.008635578583765097e-02
5.008635578583765097e-02
5.008635578583765097e-02
5.008635578583765097e-02
5.008635578583765097e-02
5.181347150259067030e-02
5.354058721934369658e-02
5.354058721934369658e-02
5.526770293609671592e-02
5.526770293609671592e-02
5.699481865284974219e-02
6.044905008635578780e-02
6.044905008635578780e-02
8.290155440414508081e-02
8.635578583765111949e-02
8.808290155440413882e-02
8.808290155440413882e-02
8.981001727115717204e-02
8.981001727115717204e-02
9.153713298791019137e-02
1.053540587219343738e-01
1.070811744386873932e-01
1.070811744386873932e-01
1.070811744386873932e-01
1.122625215889464650e-01
1.122625215889464650e-01
1.139896373056994844e-01
1.139896373056994844e-01
1.157167530224525037e-01
1.157167530224525037e-01
1.157167530224525037e-01
1.260794473229706336e-01
1.260794473229706336e-01
1.295336787564766723e-01
1.329879101899827387e-01
1.347150259067357581e-01
1.364421416234887774e-01
1.364421416234887774e-01
1.364421416234887774e-01
1.381692573402417967e-01
1.381692573402417967e-01
1.416234887737478354e-01
1.416234887737478354e-01
1.485319516407599405e-01
1.502590673575129598e-01
1.502590673575129598e-01
1.519861830742659792e-01
1.519861830742659792e-01
1.519861830742659792e-01
1.519861830742659792e-01
1.537132987910189985e-01
1.537132987910189985e-01
1.554404145077720178e-01
1.571675302245250372e-01
1.571675302245250372e-01
1.588946459412780565e-01
1.588946459412780565e-01
1.606217616580310759e-01
1.675302245250431810e-01
1.675302245250431810e-01
1.675302245250431810e-01
1.675302245250431810e-01
1.692573402417962003e-01
1.692573402417962003e-01
1.727115716753022390e-01
1.761658031088082776e-01
1.761658031088082776e-01
1.761658031088082776e-01
1.761658031088082776e-01
1.796200345423143441e-01
1.830742659758203827e-01
1.865284974093264214e-01
1.865284974093264214e-01
1.899827288428324601e-01
1.899827288428324601e-01
1.917098445595854794e-01
1.917098445595854794e-01
1.917098445595854794e-01
1.934369602763385265e-01
2.072538860103626812e-01
2.072538860103626812e-01
2.089810017271157283e-01
2.089810017271157283e-01
2.089810017271157283e-01
2.107081174438687476e-01
2.107081174438687476e-01
2.158894645941278057e-01
2.158894645941278057e-01
2.176165803108808250e-01
2.176165803108808250e-01
2.193436960276338443e-01
2.193436960276338443e-01
2.245250431778929301e-01
2.245250431778929301e-01
2.279792746113989688e-01
2.279792746113989688e-01
2.297063903281519881e-01
2.297063903281519881e-01
2.314335060449050074e-01
2.314335060449050074e-01
2.348877374784110461e-01
2.348877374784110461e-01
2.366148531951640654e-01
2.383419689119170848e-01
2.417962003454231512e-01
2.452504317789291899e-01
2.452504317789291899e-01
2.487046632124352286e-01
2.521588946459412672e-01
2.521588946459412672e-01
2.538860103626943143e-01
2.556131260794473059e-01
2.556131260794473059e-01
2.573402417962003530e-01
2.573402417962003530e-01
2.573402417962003530e-01
2.590673575129533446e-01
2.607944732297063917e-01
2.625215889464594388e-01
2.625215889464594388e-01
2.677029360967184690e-01
2.677029360967184690e-01
2.694300518134715161e-01
2.694300518134715161e-01
2.711571675302245077e-01
2.711571675302245077e-01
2.728842832469775548e-01
2.746113989637305464e-01
2.746113989637305464e-01
2.763385146804835935e-01
2.763385146804835935e-01
2.780656303972366405e-01
2.797927461139896321e-01
2.815198618307426792e-01
2.849740932642487179e-01
2.849740932642487179e-01
2.867012089810017095e-01
2.867012089810017095e-01
2.884283246977547566e-01
2.884283246977547566e-01
2.901554404145077481e-01
2.901554404145077481e-01
2.953367875647668339e-01
2.953367875647668339e-01
2.970639032815198810e-01
2.970639032815198810e-01
2.987910189982728726e-01
2.987910189982728726e-01
2.987910189982728726e-01
3.022452504317789113e-01
3.022452504317789113e-01
3.091537132987910441e-01
3.091537132987910441e-01
3.108808290155440357e-01
3.108808290155440357e-01
3.160621761658031215e-01
3.160621761658031215e-01
3.195164075993091601e-01
3.229706390328151988e-01
3.246977547495682459e-01
3.264248704663212375e-01
3.298791018998272762e-01
3.298791018998272762e-01
3.316062176165803232e-01
3.316062176165803232e-01
3.350604490500863619e-01
3.367875647668393535e-01
3.454231433506044779e-01
3.454231433506044779e-01
3.471502590673575250e-01
3.506044905008635637e-01
3.557858376511226495e-01
3.609671848013816797e-01
3.661485319516407655e-01
3.661485319516407655e-01
3.816925734024179673e-01
3.816925734024179673e-01
3.886010362694300446e-01
3.972366148531951691e-01
3.989637305699481606e-01
3.989637305699481606e-01
4.127806563039723708e-01
4.127806563039723708e-01
4.145077720207253624e-01
4.145077720207253624e-01
4.196891191709844482e-01
4.214162348877374953e-01
4.214162348877374953e-01
4.248704663212435340e-01
4.283246977547495726e-01
4.369602763385146971e-01
4.455958549222797660e-01
4.663212435233160535e-01
4.663212435233160535e-01
4.697754749568220922e-01
4.732297063903281309e-01
4.732297063903281309e-01
4.749568221070811780e-01
4.749568221070811780e-01
4.784110535405872167e-01
4.853195164075992940e-01
4.905008635578583798e-01
4.939550949913644184e-01
4.974093264248704571e-01
5.181347150259066892e-01
5.215889464594127833e-01
5.371329879101899296e-01
5.388601036269430322e-01
5.405872193436960238e-01
5.423143350604490154e-01
5.474956822107081011e-01
5.509499136442141953e-01
5.526770293609671869e-01
5.526770293609671869e-01
5.578583765112262727e-01
5.613126079447322558e-01
5.699481865284974358e-01
5.699481865284974358e-01
5.751295336787565216e-01
5.924006908462866594e-01
5.924006908462866594e-01
6.027633851468048309e-01
6.062176165803109251e-01
6.252158894645941656e-01
6.252158894645941656e-01
6.286701208981001487e-01
6.321243523316062429e-01
6.459412780656303976e-01
6.511226252158894834e-01
6.597582037996545523e-01
6.632124352331606465e-01
6.787564766839377928e-01
6.787564766839377928e-01
6.873920552677029727e-01
6.873920552677029727e-01
6.908462867012089559e-01
6.994818652849741358e-01
7.029360967184801190e-01
7.063903281519862132e-01
7.081174438687392048e-01
7.219343696027633595e-01
7.253886010362694536e-01
7.253886010362694536e-01
7.271157167530224452e-01
7.357512953367875141e-01
7.392055267702936083e-01
7.426597582037997025e-01
7.443868739205526941e-01
7.582037996545768488e-01
7.651122625215889261e-01
7.685664939550950203e-01
7.754749568221070977e-01
7.806563039723661834e-01
7.841105354058721666e-01
7.841105354058721666e-01
7.944732297063903381e-01
8.031088082901554071e-01
8.065630397236615012e-01
8.151986183074265702e-01
8.186528497409326643e-01
8.186528497409326643e-01
8.307426597582038275e-01
8.359240069084629132e-01
8.376511226252159048e-01
8.411053540587218880e-01
8.411053540587218880e-01
8.497409326424870679e-01
8.497409326424870679e-01
8.514680483592400595e-01
8.618307426597582310e-01
8.687392055267703084e-01
8.842832469775474546e-01
8.860103626943005573e-01
8.860103626943005573e-01
8.877374784110535488e-01
8.963730569948186178e-01
9.015544041450777035e-01
9.067357512953367893e-01
9.136442141623488666e-01
9.170984455958549608e-01
9.205526770293609440e-01
9.257340241796200297e-01
9.309153713298791155e-01
9.309153713298791155e-01
9.343696027633850987e-01
9.343696027633850987e-01
9.395509499136441844e-01
9.464594127806562618e-01
9.499136442141623560e-01
9.516407599309153476e-01
9.585492227979274249e-01
9.654576856649395022e-01
9.654576856649395022e-01
9.723661485319516906e-01
9.723661485319516906e-01
9.758203799654576738e-01
9.758203799654576738e-01
9.775474956822106654e-01
9.827288428324697511e-01
9.844559585492227427e-01
9.879101899827288369e-01
9.913644214162349311e-01
9.948186528497409142e-01
1.000000000000000000e+00
