5.000000000000000000e-01
5.004321521175453258e-01
5.008650519031141446e-01
5.012987012987012436e-01
5.021682567215958182e-01
5.026041666666666297e-01
5.030408340573414572e-01
5.039164490861618440e-01
5.043554006968641312e-01
5.056768558951965087e-01
5.061188811188811476e-01
5.056867891513561197e-01
5.052539404553415547e-01
5.056967572304995606e-01
5.061403508771930015e-01
5.057067603160667613e-01
5.061511423550087985e-01
5.065963060686016206e-01
5.070422535211267512e-01
5.074889867841410052e-01
5.070546737213403876e-01
5.075022065313327113e-01
5.079505300353356345e-01
5.083996463306807989e-01
5.088495575221239076e-01
5.106571936056838457e-01
5.111111111111110716e-01
5.120213713268032540e-01
5.124777183600712771e-01
5.129348795718108311e-01
5.133928571428570953e-01
5.138516532618409016e-01
5.152329749103942147e-01
5.147982062780268597e-01
5.152603231597845390e-01
5.157232704402515688e-01
5.152877697841726778e-01
5.157515751575157958e-01
5.162162162162161616e-01
5.166816952209197789e-01
5.180831826401446349e-01
5.185520361990950677e-01
5.190217391304348116e-01
5.199637023593466356e-01
5.204359673024523403e-01
5.209090909090908772e-01
5.213830755232029546e-01
5.218579234972677838e-01
5.232876712328766722e-01
5.237659963436929189e-01
5.242451967063128659e-01
5.247252747252747485e-01
5.271389144434223128e-01
5.276243093922652339e-01
5.271889400921658808e-01
5.276752767527674859e-01
5.320930232558139794e-01
5.325884543761638668e-01
5.330848089468779305e-01
5.335820895522388474e-01
5.340802987861811291e-01
5.366541353383458279e-01
5.371589840075258193e-01
5.362865221489161449e-01
5.367924528301887266e-01
5.372993389990556867e-01
5.378071833648393474e-01
5.383159886471144961e-01
5.388257575757575690e-01
5.383886255924170694e-01
5.394112060778727402e-01
5.399239543726235269e-01
5.414680648236415150e-01
5.419847328244274953e-01
5.425023877745940304e-01
5.430210325047800657e-01
5.435406698564593242e-01
5.440613026819923759e-01
5.445829338446788181e-01
5.451055662188100115e-01
5.446685878962536087e-01
5.457170356111645804e-01
5.462427745664739653e-01
5.467695274831243513e-01
5.472972972972972583e-01
5.478260869565216851e-01
5.483558994197291758e-01
5.494186046511627675e-01
5.499515033947623976e-01
5.504854368932038389e-01
5.510204081632652517e-01
5.515564202334630739e-01
5.520934761441090854e-01
5.553379040156709578e-01
5.549019607843137525e-01
5.554465161923454186e-01
5.559921414538310236e-01
5.576354679802956182e-01
5.598417408506429771e-01
5.603960396039604497e-01
5.609514370664023808e-01
5.631840796019900175e-01
5.668341708542713464e-01
5.674044265593561898e-01
5.685483870967742437e-01
5.691220988900100863e-01
5.696969696969697017e-01
5.725888324873096291e-01
5.731707317073170271e-01
5.727365208545269759e-01
5.739041794087665904e-01
5.762538382804504034e-01
5.786228160328880099e-01
5.787847579814624499e-01
5.793814432989691232e-01
5.799793601651186403e-01
5.811789038262668017e-01
5.817805383022773835e-01
5.823834196891192194e-01
5.829875518672199552e-01
5.835929387331256768e-01
5.841995841995841765e-01
5.854166666666666963e-01
5.849843587069863959e-01
5.855949895615866208e-01
5.862068965517240882e-01
5.868200836820083310e-01
5.874345549738220207e-01
5.880503144654087855e-01
5.876180482686254036e-01
5.882352941176470784e-01
5.888538380651945348e-01
5.894736842105262609e-01
5.900948366701791459e-01
5.907172995780590741e-01
5.913410770855332954e-01
5.919661733615222410e-01
5.925925925925925597e-01
5.932203389830508211e-01
5.944798301486199366e-01
5.951115834218916323e-01
5.957446808510638014e-01
5.963791267305644794e-01
5.970149253731342753e-01
5.976520811099252928e-01
5.995717344753747069e-01
6.002143622722401206e-01
6.008583690987124859e-01
6.015037593984962072e-01
6.021505376344086224e-01
6.027987082884822545e-01
6.034482758620689502e-01
6.040992448759439082e-01
6.047516198704103729e-01
6.060606060606060774e-01
6.067172264355362721e-01
6.073752711496746004e-01
6.069489685124864753e-01
6.076086956521739024e-01
6.082698585418934156e-01
6.089324618736383643e-01
6.095965103598691703e-01
6.102620087336244614e-01
6.109289617486338697e-01
6.115973741794310525e-01
6.122672508214677123e-01
6.129385964912280604e-01
6.136114160263447248e-01
6.142857142857143238e-01
6.156387665198237436e-01
6.163175303197353516e-01
6.169977924944812786e-01
6.176795580110496786e-01
6.183628318584071248e-01
6.190476190476190688e-01
6.197339246119734080e-01
6.193118756936737412e-01
6.199999999999999956e-01
6.206896551724138122e-01
6.213808463251669911e-01
6.220735785953177555e-01
6.227678571428570953e-01
6.234636871508379974e-01
6.241610738255033430e-01
6.248600223964165812e-01
6.255605381165919576e-01
6.262626262626262985e-01
6.283783783783783994e-01
6.279594137542277021e-01
6.286681715575620499e-01
6.293785310734463234e-01
6.300904977375565430e-01
6.308040770101924766e-01
6.315192743764171945e-01
6.329545454545454364e-01
6.336746302616609317e-01
6.343963553530751476e-01
6.351197263397947435e-01
6.347031963470319837e-01
6.345933562428407448e-01
6.360505166475315386e-01
6.367816091954022761e-01
6.375143843498274343e-01
6.382488479262672376e-01
6.385681293302540862e-01
6.393063583815028483e-01
6.396292004634994699e-01
6.403712296983758989e-01
6.411149825783971634e-01
6.418604651162790331e-01
6.426076833527357701e-01
6.433566433566433318e-01
6.441073512252042388e-01
6.448598130841121101e-01
6.456140350877193068e-01
6.463700234192037986e-01
6.478873239436619969e-01
6.486486486486486847e-01
6.494117647058823550e-01
6.501766784452296388e-01
6.509433962264150608e-01
6.517119244391971211e-01
6.524822695035461528e-01
6.532544378698225129e-01
6.540284360189573265e-01
6.548042704626334531e-01
6.555819477434678966e-01
6.563614744351962127e-01
6.571428571428571397e-01
6.587112171837709029e-01
6.594982078853046659e-01
6.602870813397129224e-01
6.626650660264105097e-01
6.634615384615384359e-01
6.642599277978339378e-01
6.650602409638554091e-01
6.658624849215922792e-01
6.674727932285369203e-01
6.670702179176755120e-01
6.674757281553398425e-01
6.670716889428918162e-01
6.686967113276491848e-01
6.695121951219512590e-01
6.703296703296702796e-01
6.699266503667481443e-01
6.707466340269278016e-01
6.715686274509803377e-01
6.723926380368098199e-01
6.732186732186732359e-01
6.740467404674046481e-01
6.748768472906403471e-01
6.757090012330456696e-01
6.765432098765432611e-01
6.773794808405438905e-01
6.782178217821782651e-01
6.790582403965303993e-01
6.799007444168734260e-01
6.837499999999999689e-01
6.846057571964956345e-01
6.854636591478696639e-01
6.863237139272271303e-01
6.871859296482412116e-01
6.880503144654087633e-01
6.897856242118537429e-01
6.906565656565656353e-01
6.915297092288242853e-01
6.911392405063291333e-01
6.920152091254753168e-01
6.946564885496183672e-01
6.942675159235668358e-01
6.938775510204081565e-01
6.947637292464878822e-01
6.943734015345268684e-01
6.952624839948783331e-01
6.961538461538461231e-01
6.970474967907573927e-01
6.979434447300770783e-01
6.988416988416988884e-01
6.997422680412370699e-01
7.006451612903226156e-01
7.015503875968992498e-01
7.011642949547218784e-01
7.020725388601036787e-01
7.066492829204693571e-01
7.075718015665796168e-01
7.084967320261438273e-01
7.094240837696335067e-01
7.103538663171691248e-01
7.099737532808398921e-01
7.109067017082786322e-01
7.118421052631579427e-01
7.127799736495388228e-01
7.137203166226913087e-01
7.146631439894319815e-01
7.156084656084655826e-01
7.165562913907285170e-01
7.175066312997347984e-01
7.184594953519256588e-01
7.180851063829787329e-01
7.190412782956058235e-01
7.199999999999999734e-01
7.209612817089452452e-01
7.238605898123324778e-01
7.248322147651006242e-01
7.258064516129032473e-01
7.267833109017496351e-01
7.283783783783783772e-01
7.293640054127198402e-01
7.289972899728996980e-01
7.299864314789688002e-01
7.309782608695651884e-01
7.319727891156462274e-01
7.329700272479564571e-01
7.339699863574351557e-01
7.346101231190150793e-01
7.356164383561644149e-01
7.366255144032921587e-01
7.362637362637363125e-01
7.372764786795048542e-01
7.369146005509641384e-01
7.379310344827586521e-01
7.389502762430939509e-01
7.396121883656510132e-01
7.406380027739251082e-01
7.426981919332406035e-01
7.437325905292478945e-01
7.447698744769873924e-01
7.444134078212290007e-01
7.454545454545454808e-01
7.464985994397759228e-01
7.475455820476858415e-01
7.471910112359551048e-01
7.482419127988748642e-01
7.478873239436619746e-01
7.489421720733426824e-01
7.500000000000000000e-01
7.510608203677510142e-01
7.521246458923512845e-01
7.517730496453900457e-01
7.514204545454545858e-01
7.524893314366998265e-01
7.535612535612535856e-01
7.532097004279600938e-01
7.528571428571428914e-01
7.521489971346705383e-01
7.532281205164992333e-01
7.528735632183908288e-01
7.539568345323740539e-01
7.536023054755043304e-01
7.532467532467532756e-01
7.528901734104046506e-01
7.525325615050650896e-01
7.536231884057971175e-01
7.547169811320755262e-01
7.558139534883721034e-01
7.554585152838427797e-01
7.551020408163264808e-01
7.562043795620437825e-01
7.558479532163743242e-01
7.554904831625183226e-01
7.565982404692082053e-01
7.562408223201174673e-01
7.569955817378497542e-01
7.562776957163959146e-01
7.585185185185184809e-01
7.596439169139466152e-01
7.604166666666666297e-01
7.615499254843517418e-01
7.611940298507462455e-01
7.623318385650224016e-01
7.619760479041916001e-01
7.616191904047976413e-01
7.612612612612612573e-01
7.616892911010557654e-01
7.628398791540785817e-01
7.624810892586989519e-01
7.636363636363636687e-01
7.632776934749621045e-01
7.629179331306991108e-01
7.625570776255707894e-01
7.621951219512195230e-01
7.618320610687022709e-01
7.614678899082568675e-01
7.611026033690658776e-01
7.607361963190184539e-01
7.603686635944700845e-01
7.600000000000000089e-01
7.611710323574730763e-01
7.608024691358025171e-01
7.616099071207430571e-01
7.624223602484472284e-01
7.632398753894080734e-01
7.628705148205928710e-01
7.640624999999999778e-01
7.648902821316614364e-01
7.660910518053375418e-01
7.657232704402515688e-01
7.649842271293375573e-01
7.661927330173775585e-01
7.658227848101265556e-01
7.654516640253565818e-01
7.650793650793650258e-01
7.647058823529411242e-01
7.659235668789808882e-01
7.667731629392970927e-01
7.663999999999999702e-01
7.660256410256410797e-01
7.656500802568217967e-01
7.668810289389067503e-01
7.681159420289854767e-01
7.698541329011344692e-01
7.694805194805194315e-01
7.707317073170731891e-01
7.719869706840390977e-01
7.737704918032787260e-01
7.750410509031199213e-01
7.755775577557755263e-01
7.752066115702479498e-01
7.748344370860926755e-01
7.744610281923715034e-01
7.740863787375414917e-01
7.737104825291181154e-01
7.750000000000000222e-01
7.762938230383973348e-01
7.759197324414716102e-01
7.772194304857621416e-01
7.768456375838925787e-01
7.781512605042016917e-01
7.777777777777777901e-01
7.790893760539628898e-01
7.804054054054053724e-01
7.800338409475465751e-01
7.832764505119453879e-01
7.829059829059829001e-01
7.825342465753424293e-01
7.821612349914236484e-01
7.817869415807560118e-01
7.814113597246127307e-01
7.827586206896551824e-01
7.823834196891191750e-01
7.837370242214533045e-01
7.826086956521739468e-01
7.852112676056337559e-01
7.848324514991181777e-01
7.844522968197880086e-01
7.858407079646018145e-01
7.854609929078014696e-01
7.846975088967971246e-01
7.845601436265708939e-01
7.841726618705036067e-01
7.837837837837837718e-01
7.833935018050541821e-01
7.830018083182640476e-01
7.826086956521739468e-01
7.866666666666666252e-01
7.881679389312976625e-01
7.873563218390804419e-01
7.869481765834932530e-01
7.865384615384615197e-01
7.880539499036608442e-01
7.876447876447876251e-01
7.891682785299806158e-01
7.906976744186046124e-01
7.898832684824902417e-01
7.917485265225933100e-01
7.944664031620553013e-01
7.960396039603960805e-01
7.976190476190476719e-01
7.972166998011928074e-01
7.968127490039840222e-01
7.960000000000000409e-01
7.955911823647294767e-01
7.971887550200803529e-01
7.987927565392354268e-01
8.012170385395537275e-01
8.004073319755601323e-01
7.995910020449897848e-01
8.012295081967213406e-01
7.995867768595040781e-01
7.991718426501035477e-01
7.970711297071130241e-01
8.025477707006369865e-01
8.042553191489362208e-01
8.038379530916844873e-01
8.034188034188034511e-01
8.030303030303029832e-01
8.026030368763557021e-01
8.039215686274510109e-01
8.056768558951965531e-01
8.048245614035087758e-01
8.039647577092511321e-01
8.030973451327433343e-01
8.048780487804878536e-01
8.040089086859688594e-01
8.022471910112359827e-01
8.018018018018018278e-01
8.013544018058690321e-01
8.009049773755656521e-01
8.013698630136986134e-01
8.009153318077802952e-01
8.004587155963303058e-01
8.000000000000000444e-01
8.004640371229698736e-01
8.033573141486810565e-01
8.028846153846154188e-01
8.048192771084337060e-01
8.067632850241546194e-01
8.062953995157384757e-01
8.082524271844659935e-01
8.073170731707317582e-01
8.068459657701712029e-01
8.059701492537313383e-01
8.065326633165829096e-01
8.085642317380352662e-01
8.106060606060605522e-01
8.147208121827411720e-01
8.142493638676844281e-01
8.137755102040816757e-01
8.203753351206434230e-01
8.198924731182796188e-01
8.194070080862533301e-01
8.189189189189188811e-01
8.184281842818428299e-01
8.179347826086956763e-01
8.154269972451790860e-01
8.176795580110497452e-01
8.135593220338983578e-01
8.158640226628894876e-01
8.153409090909090606e-01
8.148148148148147696e-01
8.192419825072886352e-01
8.181818181818182323e-01
8.176470588235293935e-01
8.171091445427728361e-01
8.195266272189348777e-01
8.312101910828025852e-01
8.338658146964855744e-01
8.333333333333333703e-01
8.305647840531561465e-01
8.299999999999999600e-01
8.327759197324414719e-01
8.367346938775510612e-01
8.416289592760181071e-01
8.409090909090909394e-01
8.401826484018264374e-01
8.394495412844036331e-01
8.387096774193548709e-01
8.450704225352112520e-01
8.490566037735849392e-01
8.483412322274881401e-01
8.426395939086294140e-01
8.418367346938775420e-01
8.410256410256410353e-01
8.402061855670103219e-01
8.429319371727748145e-01
8.473684210526315486e-01
8.465608465608465139e-01
8.449197860962567308e-01
8.440860215053763715e-01
8.415300546448087893e-01
8.406593406593406703e-01
8.397790055248618435e-01
8.388888888888889062e-01
8.435754189944134618e-01
8.483146067415729963e-01
8.465909090909090606e-01
8.457142857142857517e-01
8.448275862068965747e-01
8.439306358381503115e-01
8.430232558139535426e-01
8.470588235294117530e-01
8.461538461538461453e-01
8.511904761904761640e-01
8.502994011976048316e-01
8.493975903614457978e-01
8.484848484848485084e-01
8.475609756097560732e-01
8.466257668711656414e-01
8.456790123456789932e-01
8.447204968944099779e-01
8.490566037735849392e-01
8.544303797468354444e-01
8.589743589743589203e-01
8.580645161290322287e-01
8.627450980392157298e-01
8.666666666666666963e-01
8.639455782312924770e-01
8.620689655172413257e-01
8.611111111111111605e-01
8.601398601398601018e-01
8.591549295774647543e-01
8.571428571428570953e-01
8.633093525179855732e-01
8.623188405797101996e-01
8.613138686131386335e-01
8.560606060606060774e-01
8.549618320610686828e-01
8.538461538461538103e-01
8.527131782945736038e-01
8.515625000000000000e-01
8.503937007874016185e-01
8.492063492063491870e-01
8.479999999999999760e-01
8.467741935483871218e-01
8.536585365853658347e-01
8.524590163934425702e-01
8.595041322314049825e-01
8.547008547008546619e-01
8.534482758620689502e-01
8.521739130434782261e-01
8.508771929824561209e-01
8.495575221238937935e-01
8.468468468468468568e-01
8.454545454545454586e-01
8.440366972477064689e-01
8.504672897196261516e-01
8.631578947368421240e-01
8.617021276595744350e-01
8.636363636363636465e-01
8.620689655172413257e-01
8.604651162790697416e-01
8.588235294117646523e-01
8.674698795180723065e-01
8.641975308641974829e-01
8.625000000000000444e-01
8.607594936708861111e-01
8.589743589743589203e-01
8.571428571428570953e-01
8.552631578947368363e-01
8.493150684931506378e-01
8.472222222222222099e-01
8.450704225352112520e-01
8.550724637681159646e-01
8.656716417910447214e-01
8.636363636363636465e-01
8.615384615384615863e-01
8.709677419354838745e-01
8.688524590163934080e-01
8.666666666666666963e-01
8.813559322033898136e-01
8.793103448275861878e-01
9.056603773584905870e-01
9.038461538461538547e-01
9.019607843137255054e-01
9.000000000000000222e-01
8.958333333333333703e-01
8.913043478260869179e-01
8.863636363636363535e-01
9.069767441860464574e-01
9.047619047619047672e-01
9.090909090909090606e-01
9.047619047619047672e-01
9.000000000000000222e-01
8.888888888888888395e-01
8.823529411764705621e-01
8.750000000000000000e-01
8.666666666666666963e-01
8.571428571428570953e-01
8.461538461538461453e-01
8.333333333333333703e-01
8.000000000000000444e-01
7.500000000000000000e-01
7.142857142857143016e-01
8.000000000000000444e-01
1.000000000000000000e+00
1.000000000000000000e+00
1.000000000000000000e+00
1.000000000000000000e+00
