1.000000000000000000e+00
1.000000000000000000e+00
1.000000000000000000e+00
1.000000000000000000e+00
1.000000000000000000e+00
1.000000000000000000e+00
1.000000000000000000e+00
1.000000000000000000e+00
1.000000000000000000e+00
1.000000000000000000e+00
1.000000000000000000e+00
9.982728842832470084e-01
9.965457685664939058e-01
9.965457685664939058e-01
9.965457685664939058e-01
9.948186528497409142e-01
9.948186528497409142e-01
9.948186528497409142e-01
9.948186528497409142e-01
9.948186528497409142e-01
9.930915371329879227e-01
9.930915371329879227e-01
9.930915371329879227e-01
9.930915371329879227e-01
9.930915371329879227e-01
9.930915371329879227e-01
9.930915371329879227e-01
9.930915371329879227e-01
9.930915371329879227e-01
9.930915371329879227e-01
9.930915371329879227e-01
9.930915371329879227e-01
9.930915371329879227e-01
9.913644214162349311e-01
9.913644214162349311e-01
9.913644214162349311e-01
9.896373056994818285e-01
9.896373056994818285e-01
9.896373056994818285e-01
9.896373056994818285e-01
9.896373056994818285e-01
9.896373056994818285e-01
9.896373056994818285e-01
9.896373056994818285e-01
9.896373056994818285e-01
9.896373056994818285e-01
9.896373056994818285e-01
9.896373056994818285e-01
9.896373056994818285e-01
9.896373056994818285e-01
9.896373056994818285e-01
9.896373056994818285e-01
9.896373056994818285e-01
9.896373056994818285e-01
9.879101899827288369e-01
9.879101899827288369e-01
9.879101899827288369e-01
9.879101899827288369e-01
9.879101899827288369e-01
9.879101899827288369e-01
9.879101899827288369e-01
9.861830742659758453e-01
9.861830742659758453e-01
9.827288428324697511e-01
9.827288428324697511e-01
9.827288428324697511e-01
9.827288428324697511e-01
9.827288428324697511e-01
9.827288428324697511e-01
9.810017271157167595e-01
9.810017271157167595e-01
9.810017271157167595e-01
9.810017271157167595e-01
9.810017271157167595e-01
9.810017271157167595e-01
9.810017271157167595e-01
9.810017271157167595e-01
9.810017271157167595e-01
9.810017271157167595e-01
9.810017271157167595e-01
9.792746113989637680e-01
9.792746113989637680e-01
9.792746113989637680e-01
9.792746113989637680e-01
9.792746113989637680e-01
9.792746113989637680e-01
9.792746113989637680e-01
9.792746113989637680e-01
9.792746113989637680e-01
9.792746113989637680e-01
9.792746113989637680e-01
9.792746113989637680e-01
9.792746113989637680e-01
9.792746113989637680e-01
9.775474956822106654e-01
9.775474956822106654e-01
9.775474956822106654e-01
9.775474956822106654e-01
9.775474956822106654e-01
9.775474956822106654e-01
9.775474956822106654e-01
9.775474956822106654e-01
9.740932642487046822e-01
9.740932642487046822e-01
9.740932642487046822e-01
9.740932642487046822e-01
9.740932642487046822e-01
9.740932642487046822e-01
9.740932642487046822e-01
9.723661485319516906e-01
9.723661485319516906e-01
9.723661485319516906e-01
9.723661485319516906e-01
9.706390328151985880e-01
9.706390328151985880e-01
9.706390328151985880e-01
9.706390328151985880e-01
9.706390328151985880e-01
9.706390328151985880e-01
9.706390328151985880e-01
9.706390328151985880e-01
9.706390328151985880e-01
9.706390328151985880e-01
9.689119170984455964e-01
9.689119170984455964e-01
9.689119170984455964e-01
9.689119170984455964e-01
9.689119170984455964e-01
9.689119170984455964e-01
9.671848013816926048e-01
9.671848013816926048e-01
9.671848013816926048e-01
9.671848013816926048e-01
9.671848013816926048e-01
9.671848013816926048e-01
9.671848013816926048e-01
9.671848013816926048e-01
9.671848013816926048e-01
9.671848013816926048e-01
9.671848013816926048e-01
9.671848013816926048e-01
9.671848013816926048e-01
9.671848013816926048e-01
9.671848013816926048e-01
9.671848013816926048e-01
9.671848013816926048e-01
9.671848013816926048e-01
9.671848013816926048e-01
9.671848013816926048e-01
9.671848013816926048e-01
9.671848013816926048e-01
9.671848013816926048e-01
9.671848013816926048e-01
9.671848013816926048e-01
9.671848013816926048e-01
9.671848013816926048e-01
9.671848013816926048e-01
9.654576856649395022e-01
9.654576856649395022e-01
9.654576856649395022e-01
9.654576856649395022e-01
9.654576856649395022e-01
9.654576856649395022e-01
9.654576856649395022e-01
9.654576856649395022e-01
9.654576856649395022e-01
9.654576856649395022e-01
9.654576856649395022e-01
9.654576856649395022e-01
9.654576856649395022e-01
9.654576856649395022e-01
9.654576856649395022e-01
9.654576856649395022e-01
9.654576856649395022e-01
9.654576856649395022e-01
9.654576856649395022e-01
9.637305699481865107e-01
9.637305699481865107e-01
9.637305699481865107e-01
9.637305699481865107e-01
9.637305699481865107e-01
9.637305699481865107e-01
9.637305699481865107e-01
9.637305699481865107e-01
9.637305699481865107e-01
9.637305699481865107e-01
9.637305699481865107e-01
9.637305699481865107e-01
9.620034542314335191e-01
9.620034542314335191e-01
9.620034542314335191e-01
9.620034542314335191e-01
9.620034542314335191e-01
9.620034542314335191e-01
9.620034542314335191e-01
9.620034542314335191e-01
9.620034542314335191e-01
9.620034542314335191e-01
9.602763385146805275e-01
9.568221070811744333e-01
9.568221070811744333e-01
9.568221070811744333e-01
9.568221070811744333e-01
9.568221070811744333e-01
9.550949913644214417e-01
9.550949913644214417e-01
9.533678756476683391e-01
9.533678756476683391e-01
9.533678756476683391e-01
9.533678756476683391e-01
9.533678756476683391e-01
9.533678756476683391e-01
9.533678756476683391e-01
9.533678756476683391e-01
9.533678756476683391e-01
9.533678756476683391e-01
9.533678756476683391e-01
9.533678756476683391e-01
9.533678756476683391e-01
9.533678756476683391e-01
9.533678756476683391e-01
9.533678756476683391e-01
9.533678756476683391e-01
9.533678756476683391e-01
9.533678756476683391e-01
9.533678756476683391e-01
9.533678756476683391e-01
9.533678756476683391e-01
9.533678756476683391e-01
9.533678756476683391e-01
9.533678756476683391e-01
9.533678756476683391e-01
9.533678756476683391e-01
9.533678756476683391e-01
9.533678756476683391e-01
9.533678756476683391e-01
9.533678756476683391e-01
9.533678756476683391e-01
9.516407599309153476e-01
9.499136442141623560e-01
9.481865284974093644e-01
9.481865284974093644e-01
9.481865284974093644e-01
9.481865284974093644e-01
9.464594127806562618e-01
9.464594127806562618e-01
9.464594127806562618e-01
9.464594127806562618e-01
9.464594127806562618e-01
9.464594127806562618e-01
9.464594127806562618e-01
9.464594127806562618e-01
9.464594127806562618e-01
9.464594127806562618e-01
9.464594127806562618e-01
9.464594127806562618e-01
9.464594127806562618e-01
9.447322970639032702e-01
9.447322970639032702e-01
9.447322970639032702e-01
9.447322970639032702e-01
9.447322970639032702e-01
9.447322970639032702e-01
9.447322970639032702e-01
9.447322970639032702e-01
9.447322970639032702e-01
9.430051813471502786e-01
9.430051813471502786e-01
9.430051813471502786e-01
9.412780656303972870e-01
9.395509499136441844e-01
9.395509499136441844e-01
9.378238341968911929e-01
9.378238341968911929e-01
9.378238341968911929e-01
9.378238341968911929e-01
9.378238341968911929e-01
9.378238341968911929e-01
9.378238341968911929e-01
9.378238341968911929e-01
9.378238341968911929e-01
9.360967184801382013e-01
9.360967184801382013e-01
9.360967184801382013e-01
9.360967184801382013e-01
9.360967184801382013e-01
9.360967184801382013e-01
9.360967184801382013e-01
9.343696027633850987e-01
9.343696027633850987e-01
9.343696027633850987e-01
9.343696027633850987e-01
9.343696027633850987e-01
9.343696027633850987e-01
9.343696027633850987e-01
9.343696027633850987e-01
9.343696027633850987e-01
9.343696027633850987e-01
9.326424870466321071e-01
9.326424870466321071e-01
9.326424870466321071e-01
9.326424870466321071e-01
9.326424870466321071e-01
9.326424870466321071e-01
9.326424870466321071e-01
9.326424870466321071e-01
9.309153713298791155e-01
9.309153713298791155e-01
9.291882556131261239e-01
9.291882556131261239e-01
9.291882556131261239e-01
9.291882556131261239e-01
9.291882556131261239e-01
9.291882556131261239e-01
9.274611398963730213e-01
9.274611398963730213e-01
9.274611398963730213e-01
9.257340241796200297e-01
9.257340241796200297e-01
9.240069084628670382e-01
9.240069084628670382e-01
9.240069084628670382e-01
9.222797927461139356e-01
9.222797927461139356e-01
9.222797927461139356e-01
9.222797927461139356e-01
9.222797927461139356e-01
9.205526770293609440e-01
9.205526770293609440e-01
9.205526770293609440e-01
9.205526770293609440e-01
9.188255613126079524e-01
9.188255613126079524e-01
9.170984455958549608e-01
9.170984455958549608e-01
9.170984455958549608e-01
9.170984455958549608e-01
9.170984455958549608e-01
9.153713298791018582e-01
9.136442141623488666e-01
9.136442141623488666e-01
9.136442141623488666e-01
9.119170984455958751e-01
9.101899827288428835e-01
9.067357512953367893e-01
9.067357512953367893e-01
9.050086355785837977e-01
9.050086355785837977e-01
9.032815198618306951e-01
9.015544041450777035e-01
8.998272884283247119e-01
8.981001727115717204e-01
8.981001727115717204e-01
8.981001727115717204e-01
8.981001727115717204e-01
8.963730569948186178e-01
8.946459412780656262e-01
8.946459412780656262e-01
8.929188255613126346e-01
8.911917098445595320e-01
8.911917098445595320e-01
8.894645941278065404e-01
8.877374784110535488e-01
8.842832469775474546e-01
8.842832469775474546e-01
8.842832469775474546e-01
8.825561312607944631e-01
8.825561312607944631e-01
8.808290155440414715e-01
8.808290155440414715e-01
8.791018998272884799e-01
8.773747841105353773e-01
8.756476683937823857e-01
8.721934369602762915e-01
8.721934369602762915e-01
8.704663212435233000e-01
8.704663212435233000e-01
8.687392055267703084e-01
8.670120898100173168e-01
8.652849740932642142e-01
8.635578583765112226e-01
8.618307426597582310e-01
8.601036269430051284e-01
8.583765112262521368e-01
8.566493955094991453e-01
8.549222797927461537e-01
8.531951640759930511e-01
8.531951640759930511e-01
8.514680483592400595e-01
8.497409326424870679e-01
8.480138169257340763e-01
8.462867012089809737e-01
8.445595854922279822e-01
8.445595854922279822e-01
8.428324697754749906e-01
8.428324697754749906e-01
8.411053540587218880e-01
8.376511226252159048e-01
8.376511226252159048e-01
8.359240069084629132e-01
8.341968911917098106e-01
8.324697754749568190e-01
8.307426597582038275e-01
8.307426597582038275e-01
8.290155440414507249e-01
8.272884283246977333e-01
8.255613126079447417e-01
8.238341968911917501e-01
8.238341968911917501e-01
8.238341968911917501e-01
8.203799654576856559e-01
8.186528497409326643e-01
8.186528497409326643e-01
8.186528497409326643e-01
8.151986183074265702e-01
8.151986183074265702e-01
8.117443868739205870e-01
8.100172711571674844e-01
8.082901554404144928e-01
8.065630397236615012e-01
8.048359240069085097e-01
8.031088082901554071e-01
8.031088082901554071e-01
8.031088082901554071e-01
8.013816925734024155e-01
8.013816925734024155e-01
7.996545768566494239e-01
7.996545768566494239e-01
7.979274611398963213e-01
7.979274611398963213e-01
7.979274611398963213e-01
7.962003454231433297e-01
7.927461139896373465e-01
7.910189982728842439e-01
7.892918825561312524e-01
7.875647668393782608e-01
7.858376511226252692e-01
7.841105354058721666e-01
7.841105354058721666e-01
7.823834196891191750e-01
7.823834196891191750e-01
7.772020725388600892e-01
7.702936096718480119e-01
7.685664939550950203e-01
7.668393782383419177e-01
7.668393782383419177e-01
7.651122625215889261e-01
7.616580310880829430e-01
7.547495682210708656e-01
7.530224525043177630e-01
7.512953367875647714e-01
7.495682210708117799e-01
7.478411053540586773e-01
7.461139896373056857e-01
7.132987910189982905e-01
7.132987910189982905e-01
7.098445595854921963e-01
7.081174438687392048e-01
7.063903281519862132e-01
7.063903281519862132e-01
7.046632124352331106e-01
7.046632124352331106e-01
7.046632124352331106e-01
7.012089810017271274e-01
6.960276338514680416e-01
6.943005181347150501e-01
6.943005181347150501e-01
6.943005181347150501e-01
6.925734024179620585e-01
6.908462867012089559e-01
6.873920552677029727e-01
6.856649395509498701e-01
6.856649395509498701e-01
6.856649395509498701e-01
6.822107081174438870e-01
6.787564766839377928e-01
6.753022452504318096e-01
6.753022452504318096e-01
6.683937823834197323e-01
6.666666666666666297e-01
6.580310880829015607e-01
6.528497409326424750e-01
6.528497409326424750e-01
6.511226252158894834e-01
6.493955094991364918e-01
6.407599309153713119e-01
6.390328151986183203e-01
6.373056994818653287e-01
6.373056994818653287e-01
6.338514680483592345e-01
6.303972366148531403e-01
6.269430051813471572e-01
6.269430051813471572e-01
6.234887737478410630e-01
6.165803108808289856e-01
6.148531951640759941e-01
6.131260794473230025e-01
6.113989637305698999e-01
6.062176165803109251e-01
6.044905008635578225e-01
6.027633851468048309e-01
6.010362694300518394e-01
5.958549222797927536e-01
5.785837651122625047e-01
5.768566493955095131e-01
5.768566493955095131e-01
5.768566493955095131e-01
5.751295336787565216e-01
5.751295336787565216e-01
5.716753022452504274e-01
5.699481865284974358e-01
5.595854922279792643e-01
5.544041450777201785e-01
5.544041450777201785e-01
5.544041450777201785e-01
5.544041450777201785e-01
5.526770293609671869e-01
5.509499136442141953e-01
5.284974093264248607e-01
5.267702936096718691e-01
5.250431778929188775e-01
5.233160621761657749e-01
5.215889464594127833e-01
5.198618307426597918e-01
5.112262521588946118e-01
5.112262521588946118e-01
4.974093264248704571e-01
4.974093264248704571e-01
4.956822107081174655e-01
4.939550949913644184e-01
4.853195164075992940e-01
4.818652849740932553e-01
4.801381692573402638e-01
4.784110535405872167e-01
4.784110535405872167e-01
4.507772020725388518e-01
4.507772020725388518e-01
4.490500863557858602e-01
4.317789291882556113e-01
4.300518134715025642e-01
4.300518134715025642e-01
4.248704663212435340e-01
3.212435233160621517e-01
3.195164075993091601e-01
3.177892918825561130e-01
3.160621761658031215e-01
3.143350604490500744e-01
3.108808290155440357e-01
3.108808290155440357e-01
3.091537132987910441e-01
2.867012089810017095e-01
2.849740932642487179e-01
2.832469775474956708e-01
2.815198618307426792e-01
2.780656303972366405e-01
2.780656303972366405e-01
2.763385146804835935e-01
2.728842832469775548e-01
2.711571675302245077e-01
2.659758203799654774e-01
2.642487046632124303e-01
2.625215889464594388e-01
2.607944732297063917e-01
2.607944732297063917e-01
2.607944732297063917e-01
2.573402417962003530e-01
2.556131260794473059e-01
2.538860103626943143e-01
2.521588946459412672e-01
2.504317789291882757e-01
2.487046632124352286e-01
2.469775474956822092e-01
2.469775474956822092e-01
2.452504317789291899e-01
2.435233160621761705e-01
2.417962003454231512e-01
2.400690846286701319e-01
2.383419689119170848e-01
2.366148531951640654e-01
2.348877374784110461e-01
2.331606217616580268e-01
2.331606217616580268e-01
2.314335060449050074e-01
2.297063903281519881e-01
2.279792746113989688e-01
2.245250431778929301e-01
2.193436960276338443e-01
2.158894645941278057e-01
2.141623488773747863e-01
2.124352331606217670e-01
2.107081174438687476e-01
2.072538860103626812e-01
2.072538860103626812e-01
2.055267702936096619e-01
2.037996545768566425e-01
1.951640759930915459e-01
1.934369602763385265e-01
1.917098445595854794e-01
1.899827288428324601e-01
1.882556131260794408e-01
1.865284974093264214e-01
1.848013816925734021e-01
1.830742659758203827e-01
1.813471502590673634e-01
1.813471502590673634e-01
1.796200345423143441e-01
1.796200345423143441e-01
1.727115716753022390e-01
1.709844559585492196e-01
1.692573402417962003e-01
1.675302245250431810e-01
1.658031088082901616e-01
1.623488773747841230e-01
1.606217616580310759e-01
1.588946459412780565e-01
1.571675302245250372e-01
1.416234887737478354e-01
1.398963730569948161e-01
1.312607944732297194e-01
1.295336787564766723e-01
1.278065630397236530e-01
1.260794473229706336e-01
1.243523316062176143e-01
1.208981001727115756e-01
1.191709844559585424e-01
1.174438687392055231e-01
1.157167530224525037e-01
1.139896373056994844e-01
1.122625215889464650e-01
1.070811744386873932e-01
1.053540587219343738e-01
1.036269430051813406e-01
1.018998272884283213e-01
1.001727115716753019e-01
9.844559585492228260e-02
9.671848013816926326e-02
9.326424870466321071e-02
9.153713298791019137e-02
8.981001727115717204e-02
8.981001727115717204e-02
8.808290155440413882e-02
8.290155440414508081e-02
8.117443868739206148e-02
7.944732297063902826e-02
7.772020725388600892e-02
7.426597582037997025e-02
7.081174438687391770e-02
6.735751295336787903e-02
6.735751295336787903e-02
6.563039723661485969e-02
3.454231433506044918e-02
3.281519861830742985e-02
3.108808290155440357e-02
2.763385146804835796e-02
2.590673575129533515e-02
2.417962003454231582e-02
2.245250431778929301e-02
2.072538860103627020e-02
1.899827288428324740e-02
1.727115716753022459e-02
1.381692573402417898e-02
1.036269430051813510e-02
8.635578583765112295e-03
6.908462867012089489e-03
6.908462867012089489e-03
5.181347150259067551e-03
3.454231433506044745e-03
0.000000000000000000e+00
