0.000000000000000000e+00
1.036269430051813510e-02
1.036269430051813510e-02
1.208981001727115791e-02
1.554404145077720178e-02
1.727115716753022459e-02
1.727115716753022459e-02
1.899827288428324740e-02
1.899827288428324740e-02
2.072538860103627020e-02
2.072538860103627020e-02
2.072538860103627020e-02
2.072538860103627020e-02
2.072538860103627020e-02
2.245250431778929301e-02
2.245250431778929301e-02
2.245250431778929301e-02
2.417962003454231582e-02
2.417962003454231582e-02
2.590673575129533515e-02
2.590673575129533515e-02
2.590673575129533515e-02
2.936096718480138076e-02
2.936096718480138076e-02
2.936096718480138076e-02
2.936096718480138076e-02
2.936096718480138076e-02
3.108808290155440357e-02
3.108808290155440357e-02
3.281519861830742985e-02
3.281519861830742985e-02
3.281519861830742985e-02
3.281519861830742985e-02
3.281519861830742985e-02
3.281519861830742985e-02
3.281519861830742985e-02
3.281519861830742985e-02
3.454231433506044918e-02
3.454231433506044918e-02
3.454231433506044918e-02
3.799654576856649479e-02
3.972366148531951413e-02
3.972366148531951413e-02
4.145077720207254041e-02
4.145077720207254041e-02
4.490500863557858602e-02
4.490500863557858602e-02
4.663212435233160535e-02
4.663212435233160535e-02
4.835924006908463163e-02
4.835924006908463163e-02
4.835924006908463163e-02
5.008635578583765097e-02
5.181347150259067030e-02
5.181347150259067030e-02
5.181347150259067030e-02
5.181347150259067030e-02
5.354058721934369658e-02
5.354058721934369658e-02
5.526770293609671592e-02
5.699481865284974219e-02
6.044905008635578780e-02
6.217616580310880714e-02
6.217616580310880714e-02
6.217616580310880714e-02
6.217616580310880714e-02
6.217616580310880714e-02
6.390328151986182648e-02
6.390328151986182648e-02
6.563039723661485969e-02
6.563039723661485969e-02
6.563039723661485969e-02
6.563039723661485969e-02
7.599309153713298959e-02
7.599309153713298959e-02
8.117443868739206148e-02
8.290155440414508081e-02
8.808290155440413882e-02
8.981001727115717204e-02
9.153713298791019137e-02
9.153713298791019137e-02
9.326424870466321071e-02
9.326424870466321071e-02
9.499136442141623005e-02
9.499136442141623005e-02
9.499136442141623005e-02
9.499136442141623005e-02
9.671848013816926326e-02
9.671848013816926326e-02
1.001727115716753019e-01
1.001727115716753019e-01
1.001727115716753019e-01
1.018998272884283213e-01
1.018998272884283213e-01
1.018998272884283213e-01
1.018998272884283213e-01
1.157167530224525037e-01
1.174438687392055231e-01
1.174438687392055231e-01
1.398963730569948161e-01
1.398963730569948161e-01
1.398963730569948161e-01
1.398963730569948161e-01
1.398963730569948161e-01
1.398963730569948161e-01
1.398963730569948161e-01
1.398963730569948161e-01
1.433506044905008547e-01
1.433506044905008547e-01
1.450777202072538741e-01
1.468048359240069212e-01
1.468048359240069212e-01
1.468048359240069212e-01
1.485319516407599405e-01
1.485319516407599405e-01
1.519861830742659792e-01
1.658031088082901616e-01
1.675302245250431810e-01
1.675302245250431810e-01
1.675302245250431810e-01
1.675302245250431810e-01
1.692573402417962003e-01
1.727115716753022390e-01
1.727115716753022390e-01
1.744386873920552583e-01
1.761658031088082776e-01
1.761658031088082776e-01
1.778929188255613247e-01
1.830742659758203827e-01
1.848013816925734021e-01
1.865284974093264214e-01
1.865284974093264214e-01
1.934369602763385265e-01
1.934369602763385265e-01
1.934369602763385265e-01
1.951640759930915459e-01
2.020725388601036232e-01
2.020725388601036232e-01
2.020725388601036232e-01
2.037996545768566425e-01
2.037996545768566425e-01
2.072538860103626812e-01
2.089810017271157283e-01
2.089810017271157283e-01
2.124352331606217670e-01
2.141623488773747863e-01
2.158894645941278057e-01
2.176165803108808250e-01
2.176165803108808250e-01
2.176165803108808250e-01
2.193436960276338443e-01
2.193436960276338443e-01
2.245250431778929301e-01
2.262521588946459494e-01
2.262521588946459494e-01
2.279792746113989688e-01
2.279792746113989688e-01
2.297063903281519881e-01
2.297063903281519881e-01
2.331606217616580268e-01
2.366148531951640654e-01
2.383419689119170848e-01
2.383419689119170848e-01
2.400690846286701319e-01
2.417962003454231512e-01
2.417962003454231512e-01
2.417962003454231512e-01
2.417962003454231512e-01
2.452504317789291899e-01
2.452504317789291899e-01
2.469775474956822092e-01
2.487046632124352286e-01
2.487046632124352286e-01
2.504317789291882757e-01
2.504317789291882757e-01
2.521588946459412672e-01
2.521588946459412672e-01
2.521588946459412672e-01
2.521588946459412672e-01
2.521588946459412672e-01
2.573402417962003530e-01
2.573402417962003530e-01
2.607944732297063917e-01
2.607944732297063917e-01
2.625215889464594388e-01
2.642487046632124303e-01
2.659758203799654774e-01
2.694300518134715161e-01
2.694300518134715161e-01
2.728842832469775548e-01
2.728842832469775548e-01
2.746113989637305464e-01
2.746113989637305464e-01
2.797927461139896321e-01
2.884283246977547566e-01
2.884283246977547566e-01
2.901554404145077481e-01
2.918825561312607952e-01
2.918825561312607952e-01
2.953367875647668339e-01
2.953367875647668339e-01
2.953367875647668339e-01
2.953367875647668339e-01
3.022452504317789113e-01
3.022452504317789113e-01
3.091537132987910441e-01
3.091537132987910441e-01
3.108808290155440357e-01
3.126079447322970828e-01
3.126079447322970828e-01
3.143350604490500744e-01
3.143350604490500744e-01
3.177892918825561130e-01
3.264248704663212375e-01
3.264248704663212375e-01
3.298791018998272762e-01
3.316062176165803232e-01
3.316062176165803232e-01
3.333333333333333148e-01
3.333333333333333148e-01
3.385146804835924006e-01
3.419689119170984393e-01
3.436960276338514864e-01
3.454231433506044779e-01
3.454231433506044779e-01
3.471502590673575250e-01
3.488773747841105166e-01
3.506044905008635637e-01
3.506044905008635637e-01
3.523316062176165553e-01
3.523316062176165553e-01
3.557858376511226495e-01
3.557858376511226495e-01
3.609671848013816797e-01
3.644214162348877184e-01
3.644214162348877184e-01
3.661485319516407655e-01
3.661485319516407655e-01
3.696027633851468042e-01
3.696027633851468042e-01
3.713298791018998513e-01
3.782383419689119286e-01
3.851468048359240059e-01
3.851468048359240059e-01
3.868739205526770530e-01
3.903281519861830917e-01
3.955094991364421220e-01
3.955094991364421220e-01
4.024179620034542548e-01
4.110535405872193238e-01
4.179620034542314566e-01
4.196891191709844482e-01
4.386873920552676887e-01
4.507772020725388518e-01
4.507772020725388518e-01
4.542314335060448904e-01
4.542314335060448904e-01
4.576856649395509291e-01
4.680483592400691006e-01
4.818652849740932553e-01
4.835924006908463024e-01
4.905008635578583798e-01
4.939550949913644184e-01
4.974093264248704571e-01
4.991364421416235042e-01
5.008635578583765513e-01
5.060449050086355260e-01
5.077720207253886286e-01
5.112262521588946118e-01
5.146804835924007060e-01
5.164075993091536976e-01
5.164075993091536976e-01
5.198618307426597918e-01
5.233160621761657749e-01
5.267702936096718691e-01
5.319516407599309549e-01
5.319516407599309549e-01
5.354058721934369380e-01
5.457685664939551096e-01
5.509499136442141953e-01
5.647668393782383500e-01
5.664939550949913416e-01
5.768566493955095131e-01
5.906735751295336678e-01
5.958549222797927536e-01
6.044905008635578225e-01
6.148531951640759941e-01
6.165803108808289856e-01
6.459412780656303976e-01
6.459412780656303976e-01
6.528497409326424750e-01
6.563039723661485692e-01
6.597582037996545523e-01
6.597582037996545523e-01
6.632124352331606465e-01
6.683937823834197323e-01
6.753022452504318096e-01
6.994818652849741358e-01
7.150259067357512821e-01
7.253886010362694536e-01
7.253886010362694536e-01
7.288428324697754368e-01
7.668393782383419177e-01
7.668393782383419177e-01
7.685664939550950203e-01
7.685664939550950203e-01
7.806563039723661834e-01
7.858376511226252692e-01
7.892918825561312524e-01
7.910189982728842439e-01
7.979274611398963213e-01
8.031088082901554071e-01
8.031088082901554071e-01
8.048359240069085097e-01
1.000000000000000000e+00
