5.000000000000000000e-01
5.536398467432950277e-01
5.541706615532119296e-01
5.537428023032630042e-01
5.542747358309317862e-01
5.548076923076923350e-01
5.553416746871991938e-01
5.564127290260366676e-01
5.574879227053139985e-01
5.580270793036750110e-01
5.591085271317829397e-01
5.607385811467444636e-01
5.612840466926070082e-01
5.618305744888023590e-01
5.623781676413255326e-01
5.629268292682926278e-01
5.634765625000000000e-01
5.640273704789834364e-01
5.645792563600783298e-01
5.641527913809990524e-01
5.647058823529411686e-01
5.642787046123650674e-01
5.767301905717151511e-01
5.773092369477911268e-01
5.778894472361808532e-01
5.774647887323943740e-01
5.780463242698892223e-01
5.786290322580645018e-01
5.792129162462159586e-01
5.797979797979797567e-01
5.803842264914054194e-01
5.809716599190283270e-01
5.863125638406537776e-01
5.948186528497408920e-01
5.954356846473028986e-01
5.960539979231568308e-01
5.966735966735966512e-01
5.972944849115504606e-01
5.991649269311064563e-01
5.997910135841170165e-01
6.004184100418410441e-01
5.999999999999999778e-01
6.006289308176100405e-01
6.012591815320041944e-01
6.025236593059937196e-01
6.050686378035903257e-01
6.046511627906976383e-01
6.153017241379310498e-01
6.155507559395247963e-01
6.162162162162162504e-01
6.168831168831169220e-01
6.175514626218852055e-01
6.182212581344902480e-01
6.188925081433225284e-01
6.195652173913043237e-01
6.229508196721311730e-01
6.236323851203501301e-01
6.243154435925519774e-01
6.250000000000000000e-01
6.297117516629712197e-01
6.335195530726257518e-01
6.342281879194631156e-01
6.395480225988700029e-01
6.402714932126696290e-01
6.409966024915062510e-01
6.417233560090702671e-01
6.461187214611872065e-01
6.468571428571429083e-01
6.475972540045766834e-01
6.471935853379152670e-01
6.494252873563218786e-01
6.501726121979286566e-01
6.509216589861751556e-01
6.524249422632794060e-01
6.531791907514450379e-01
6.539351851851852304e-01
6.535341830822711806e-01
6.542923433874709982e-01
6.558139534883721256e-01
6.565774155995343087e-01
6.573426573426572883e-01
6.577102803738317238e-01
6.584795321637426646e-01
6.592505854800936316e-01
6.600234466588511539e-01
6.600000000000000311e-01
6.607773851590106329e-01
6.623376623376623362e-01
6.631205673758865382e-01
6.639053254437869978e-01
6.654804270462633120e-01
6.670630202140309661e-01
6.678571428571428159e-01
6.742788461538461453e-01
6.750902527075812731e-01
6.759036144578313143e-01
6.767189384800964547e-01
6.775362318840579823e-01
6.783555018137847892e-01
6.791767554479418711e-01
6.808252427184465772e-01
6.800486618004866202e-01
6.808769792935444043e-01
6.817073170731707821e-01
6.813186813186813406e-01
6.871921182266009787e-01
6.880394574599260071e-01
6.888888888888888840e-01
6.897404202719407129e-01
6.905940594059405413e-01
6.914498141263940578e-01
6.923076923076922906e-01
6.931677018633540799e-01
6.940298507462686617e-01
6.948941469489414713e-01
6.957605985037406127e-01
6.966292134831461036e-01
6.971214017521902839e-01
6.979949874686717237e-01
6.988707653701380362e-01
6.997487437185929693e-01
7.006289308176100183e-01
7.046894803548795494e-01
7.055837563451776706e-01
7.064803049555272718e-01
7.073791348600508844e-01
7.082802547770700174e-01
7.079081632653061451e-01
7.106274007682458205e-01
7.124518613607189188e-01
7.133676092544987135e-01
7.129987129987129801e-01
7.139175257731958935e-01
7.148387096774193594e-01
7.157622739018087987e-01
7.166882276843467015e-01
7.185473411154345014e-01
7.204161248374512105e-01
7.213541666666666297e-01
7.206266318537859483e-01
7.215686274509803821e-01
7.225130890052355870e-01
7.221494102228047662e-01
7.230971128608923992e-01
7.227332457293035306e-01
7.246376811594202882e-01
7.255936675461741592e-01
7.265521796565389545e-01
7.275132275132275561e-01
7.271523178807947074e-01
7.267904509283820147e-01
7.277556440903054646e-01
7.287234042553191182e-01
7.283621837549933975e-01
7.293333333333332780e-01
7.289719626168223998e-01
7.299465240641711539e-01
7.305630026809651900e-01
7.315436241610738799e-01
7.311827956989247479e-01
7.321668909825033156e-01
7.327935222672065096e-01
7.337837837837838384e-01
7.347767253044654723e-01
7.377717391304348116e-01
7.370572207084468142e-01
7.380627557980899978e-01
7.377049180327869271e-01
7.383561643835616639e-01
7.393689986282578896e-01
7.403846153846154188e-01
7.400275103163685975e-01
7.410468319559229133e-01
7.420689655172413302e-01
7.430939226519337470e-01
7.441217150760719434e-01
7.451523545706371099e-01
7.468706536856745126e-01
7.465181058495822253e-01
7.475592747559274276e-01
7.472067039106145003e-01
7.478991596638655537e-01
7.489481065918653924e-01
7.485955056179774969e-01
7.482419127988748642e-01
7.492957746478873249e-01
7.503526093088858095e-01
7.514124293785310327e-01
7.524752475247524774e-01
7.521246458923512845e-01
7.517730496453900457e-01
7.514204545454545858e-01
7.524893314366998265e-01
7.535612535612535856e-01
7.546362339514978146e-01
7.557142857142856718e-01
7.553648068669528426e-01
7.546628407460544974e-01
7.543103448275861878e-01
7.553956834532373765e-01
7.564841498559077282e-01
7.561327561327561009e-01
7.572254335260115710e-01
7.579710144927536142e-01
7.576197387518142090e-01
7.628111273792094194e-01
7.639296187683284334e-01
7.650513950073420943e-01
7.661764705882353477e-01
7.658321060382916601e-01
7.669616519174041747e-01
7.666174298375184604e-01
7.662721893491124536e-01
7.659259259259258990e-01
7.682020802377415025e-01
7.678571428571429047e-01
7.701492537313432418e-01
7.713004484304932795e-01
7.721139430284857941e-01
7.732732732732732206e-01
7.729323308270676929e-01
7.725903614457830804e-01
7.722473604826546323e-01
7.719033232628398356e-01
7.715582450832072503e-01
7.727272727272727071e-01
7.738998482549317437e-01
7.735562310030394961e-01
7.747336377473363900e-01
7.759146341463414309e-01
7.770992366412213803e-01
7.767584097859326908e-01
7.764165390505359809e-01
7.760736196319018010e-01
7.757296466973886417e-01
7.746913580246913567e-01
7.743431221020092847e-01
7.736434108527131537e-01
7.748447204968944568e-01
7.744945567651633223e-01
7.757009345794392274e-01
7.746478873239436291e-01
7.755102040816326259e-01
7.767295597484277225e-01
7.763779527559054872e-01
7.788309636650868617e-01
7.784810126582278889e-01
7.781299524564183612e-01
7.763578274760383202e-01
7.756410256410256610e-01
7.768860353130015994e-01
7.777777777777777901e-01
7.774193548387097197e-01
7.786752827140549504e-01
7.795786061588330096e-01
7.804878048780488076e-01
7.830342577487765521e-01
7.826797385620914982e-01
7.839607201309328754e-01
7.836065573770492065e-01
7.848932676518883822e-01
7.845394736842105088e-01
7.841845140032949191e-01
7.854785478547854360e-01
7.879799666110183232e-01
7.876254180602006993e-01
7.889447236180904266e-01
7.885906040268456652e-01
7.878787878787878451e-01
7.888513513513513153e-01
7.901861252115058853e-01
7.897435897435897134e-01
7.913793103448275579e-01
7.910189982728842439e-01
7.923875432525951945e-01
7.947826086956522040e-01
7.944250871080139609e-01
7.958115183246072810e-01
7.943760984182777207e-01
7.940140845070422504e-01
7.985739750445632890e-01
8.000000000000000444e-01
7.996422182468694295e-01
7.992831541218637925e-01
7.963636363636363846e-01
7.985074626865671377e-01
7.981308411214953491e-01
7.992495309568480311e-01
8.007518796992481036e-01
8.045540796963946972e-01
8.060836501901140760e-01
8.042226487523992384e-01
8.050193050193049649e-01
8.065764023210831857e-01
8.062015503875968880e-01
8.058252427184465772e-01
8.089668615984405564e-01
8.098039215686274606e-01
8.094302554027504870e-01
8.086785009861933160e-01
8.083003952569169925e-01
8.095238095238095344e-01
8.155136268343815553e-01
8.181818181818182323e-01
8.177966101694915668e-01
8.174097664543524822e-01
8.191489361702127825e-01
8.187633262260127776e-01
8.175965665236051283e-01
8.193548387096774022e-01
8.203463203463203790e-01
8.199566160520607161e-01
8.223684210526315264e-01
8.219780219780219443e-01
8.215859030837003862e-01
8.207964601769911495e-01
8.187919463087248717e-01
8.179775280898876622e-01
8.175675675675675436e-01
8.159090909090909172e-01
8.154897494305238803e-01
8.142076502732240595e-01
8.136986301369862895e-01
8.159340659340659219e-01
8.264705882352940680e-01
8.259587020648967437e-01
8.249258160237388227e-01
8.244047619047618625e-01
8.238805970149253310e-01
8.263473053892215203e-01
8.258258258258258655e-01
8.247734138972809825e-01
8.287461773700305345e-01
8.282208588957055140e-01
8.302469135802469369e-01
8.297213622291021995e-01
8.291925465838508869e-01
8.281250000000000000e-01
8.275862068965517127e-01
8.270440251572327428e-01
8.264984227129337224e-01
8.259493670886075556e-01
8.252427184466019083e-01
8.246753246753246724e-01
8.267973856209149819e-01
8.262295081967213628e-01
8.256578947368421462e-01
8.278145695364238499e-01
8.229166666666666297e-01
8.260869565217391353e-01
8.284671532846715758e-01
8.345864661654135430e-01
8.339622641509434331e-01
8.455284552845528934e-01
8.442622950819672623e-01
8.436213991769547782e-01
8.416666666666666741e-01
8.451882845188284366e-01
8.445378151260504174e-01
8.438818565400844074e-01
8.432203389830508211e-01
8.468085106382978733e-01
8.454935622317596433e-01
8.448275862068965747e-01
8.441558441558441039e-01
8.427947598253274775e-01
8.414096916299559359e-01
8.407079646017698860e-01
8.430493273542600807e-01
8.493150684931506378e-01
8.532110091743119185e-01
8.502415458937198078e-01
8.495145631067960723e-01
8.522167487684728648e-01
8.514851485148514643e-01
8.507462686567164312e-01
8.499999999999999778e-01
8.484848484848485084e-01
8.477157360406091247e-01
8.469387755102041337e-01
8.461538461538461453e-01
8.453608247422680355e-01
8.489583333333333703e-01
8.494623655913978721e-01
8.486486486486486402e-01
8.478260869565217295e-01
8.469945355191257352e-01
8.461538461538461453e-01
8.453038674033148681e-01
8.435754189944134618e-01
8.483146067415729963e-01
8.474576271186440302e-01
8.497109826589595016e-01
8.470588235294117530e-01
8.554216867469879304e-01
8.545454545454544970e-01
8.536585365853658347e-01
8.588957055214724301e-01
8.580246913580247270e-01
8.571428571428570953e-01
8.562499999999999556e-01
8.553459119496855667e-01
8.598726114649681840e-01
8.540145985401459416e-01
8.529411764705882026e-01
8.507462686567164312e-01
8.527131782945736038e-01
8.515625000000000000e-01
8.492063492063491870e-01
8.479999999999999760e-01
8.442622950819672623e-01
8.429752066115702158e-01
8.403361344537815247e-01
8.389830508474576121e-01
8.421052631578946901e-01
8.407079646017698860e-01
8.392857142857143016e-01
8.378378378378378288e-01
8.440366972477064689e-01
8.425925925925925597e-01
8.411214953271027861e-01
8.380952380952381153e-01
8.365384615384615641e-01
8.349514563106795739e-01
8.333333333333333703e-01
8.316831683168316447e-01
8.299999999999999600e-01
8.282828282828282873e-01
8.210526315789473673e-01
8.297872340425531679e-01
8.387096774193548709e-01
8.369565217391304879e-01
8.351648351648351953e-01
8.333333333333333703e-01
8.314606741573034032e-01
8.295454545454545858e-01
8.275862068965517127e-01
8.255813953488372325e-01
8.214285714285713969e-01
8.313253012048192891e-01
8.292682926829267887e-01
8.333333333333333703e-01
8.311688311688312236e-01
8.289473684210526550e-01
8.266666666666666607e-01
8.194444444444444198e-01
8.309859154929577496e-01
8.285714285714286254e-01
8.260869565217391353e-01
8.235294117647058432e-01
8.208955223880597396e-01
8.181818181818182323e-01
8.153846153846153744e-01
8.095238095238095344e-01
8.064516129032257563e-01
7.735849056603774088e-01
7.884615384615384359e-01
7.843137254901960675e-01
7.800000000000000266e-01
7.755102040816326259e-01
7.708333333333333703e-01
7.826086956521739468e-01
7.777777777777777901e-01
7.906976744186046124e-01
8.095238095238095344e-01
8.292682926829267887e-01
8.461538461538461453e-01
8.378378378378378288e-01
1.000000000000000000e+00
