1.000000000000000000e+00
9.982728842832470084e-01
9.982728842832470084e-01
9.965457685664939058e-01
9.965457685664939058e-01
9.965457685664939058e-01
9.965457685664939058e-01
9.965457685664939058e-01
9.965457685664939058e-01
9.965457685664939058e-01
9.965457685664939058e-01
9.965457685664939058e-01
9.965457685664939058e-01
9.965457685664939058e-01
9.965457685664939058e-01
9.965457685664939058e-01
9.965457685664939058e-01
9.965457685664939058e-01
9.965457685664939058e-01
9.948186528497409142e-01
9.948186528497409142e-01
9.930915371329879227e-01
9.930915371329879227e-01
9.930915371329879227e-01
9.930915371329879227e-01
9.913644214162349311e-01
9.913644214162349311e-01
9.913644214162349311e-01
9.913644214162349311e-01
9.913644214162349311e-01
9.913644214162349311e-01
9.913644214162349311e-01
9.913644214162349311e-01
9.913644214162349311e-01
9.913644214162349311e-01
9.913644214162349311e-01
9.913644214162349311e-01
9.913644214162349311e-01
9.913644214162349311e-01
9.913644214162349311e-01
9.913644214162349311e-01
9.896373056994818285e-01
9.896373056994818285e-01
9.896373056994818285e-01
9.896373056994818285e-01
9.896373056994818285e-01
9.879101899827288369e-01
9.861830742659758453e-01
9.844559585492227427e-01
9.844559585492227427e-01
9.844559585492227427e-01
9.844559585492227427e-01
9.844559585492227427e-01
9.844559585492227427e-01
9.844559585492227427e-01
9.844559585492227427e-01
9.844559585492227427e-01
9.844559585492227427e-01
9.844559585492227427e-01
9.810017271157167595e-01
9.792746113989637680e-01
9.792746113989637680e-01
9.775474956822106654e-01
9.775474956822106654e-01
9.775474956822106654e-01
9.775474956822106654e-01
9.775474956822106654e-01
9.775474956822106654e-01
9.775474956822106654e-01
9.758203799654576738e-01
9.758203799654576738e-01
9.758203799654576738e-01
9.758203799654576738e-01
9.758203799654576738e-01
9.758203799654576738e-01
9.758203799654576738e-01
9.740932642487046822e-01
9.740932642487046822e-01
9.740932642487046822e-01
9.740932642487046822e-01
9.740932642487046822e-01
9.723661485319516906e-01
9.723661485319516906e-01
9.723661485319516906e-01
9.723661485319516906e-01
9.689119170984455964e-01
9.689119170984455964e-01
9.689119170984455964e-01
9.689119170984455964e-01
9.689119170984455964e-01
9.689119170984455964e-01
9.689119170984455964e-01
9.689119170984455964e-01
9.689119170984455964e-01
9.689119170984455964e-01
9.689119170984455964e-01
9.689119170984455964e-01
9.689119170984455964e-01
9.689119170984455964e-01
9.689119170984455964e-01
9.689119170984455964e-01
9.654576856649395022e-01
9.654576856649395022e-01
9.654576856649395022e-01
9.637305699481865107e-01
9.637305699481865107e-01
9.637305699481865107e-01
9.637305699481865107e-01
9.637305699481865107e-01
9.637305699481865107e-01
9.637305699481865107e-01
9.637305699481865107e-01
9.637305699481865107e-01
9.637305699481865107e-01
9.637305699481865107e-01
9.637305699481865107e-01
9.637305699481865107e-01
9.620034542314335191e-01
9.620034542314335191e-01
9.620034542314335191e-01
9.620034542314335191e-01
9.620034542314335191e-01
9.602763385146805275e-01
9.602763385146805275e-01
9.602763385146805275e-01
9.602763385146805275e-01
9.602763385146805275e-01
9.585492227979274249e-01
9.585492227979274249e-01
9.585492227979274249e-01
9.585492227979274249e-01
9.568221070811744333e-01
9.568221070811744333e-01
9.568221070811744333e-01
9.568221070811744333e-01
9.568221070811744333e-01
9.568221070811744333e-01
9.568221070811744333e-01
9.568221070811744333e-01
9.533678756476683391e-01
9.533678756476683391e-01
9.533678756476683391e-01
9.516407599309153476e-01
9.516407599309153476e-01
9.499136442141623560e-01
9.499136442141623560e-01
9.499136442141623560e-01
9.499136442141623560e-01
9.499136442141623560e-01
9.481865284974093644e-01
9.464594127806562618e-01
9.464594127806562618e-01
9.464594127806562618e-01
9.447322970639032702e-01
9.447322970639032702e-01
9.430051813471502786e-01
9.430051813471502786e-01
9.412780656303972870e-01
9.412780656303972870e-01
9.395509499136441844e-01
9.395509499136441844e-01
9.378238341968911929e-01
9.378238341968911929e-01
9.378238341968911929e-01
9.378238341968911929e-01
9.343696027633850987e-01
9.343696027633850987e-01
9.326424870466321071e-01
9.309153713298791155e-01
9.309153713298791155e-01
9.309153713298791155e-01
9.291882556131261239e-01
9.291882556131261239e-01
9.291882556131261239e-01
9.291882556131261239e-01
9.291882556131261239e-01
9.291882556131261239e-01
9.274611398963730213e-01
9.257340241796200297e-01
9.257340241796200297e-01
9.240069084628670382e-01
9.222797927461139356e-01
9.222797927461139356e-01
9.205526770293609440e-01
9.188255613126079524e-01
9.188255613126079524e-01
9.188255613126079524e-01
9.188255613126079524e-01
9.188255613126079524e-01
9.170984455958549608e-01
9.153713298791018582e-01
9.136442141623488666e-01
9.136442141623488666e-01
9.136442141623488666e-01
9.136442141623488666e-01
9.136442141623488666e-01
9.119170984455958751e-01
9.084628670120897809e-01
9.067357512953367893e-01
9.067357512953367893e-01
9.067357512953367893e-01
9.050086355785837977e-01
9.050086355785837977e-01
9.032815198618306951e-01
9.015544041450777035e-01
8.998272884283247119e-01
8.998272884283247119e-01
8.998272884283247119e-01
8.998272884283247119e-01
8.981001727115717204e-01
8.981001727115717204e-01
8.963730569948186178e-01
8.946459412780656262e-01
8.929188255613126346e-01
8.929188255613126346e-01
8.911917098445595320e-01
8.911917098445595320e-01
8.911917098445595320e-01
8.894645941278065404e-01
8.894645941278065404e-01
8.877374784110535488e-01
8.860103626943005573e-01
8.842832469775474546e-01
8.825561312607944631e-01
8.808290155440414715e-01
8.808290155440414715e-01
8.808290155440414715e-01
8.791018998272884799e-01
8.791018998272884799e-01
8.791018998272884799e-01
8.791018998272884799e-01
8.773747841105353773e-01
8.756476683937823857e-01
8.739205526770293941e-01
8.721934369602762915e-01
8.670120898100173168e-01
8.652849740932642142e-01
8.618307426597582310e-01
8.618307426597582310e-01
8.601036269430051284e-01
8.601036269430051284e-01
8.549222797927461537e-01
8.531951640759930511e-01
8.531951640759930511e-01
8.514680483592400595e-01
8.514680483592400595e-01
8.497409326424870679e-01
8.480138169257340763e-01
8.393782383419688964e-01
8.359240069084629132e-01
8.359240069084629132e-01
8.341968911917098106e-01
8.324697754749568190e-01
8.324697754749568190e-01
8.307426597582038275e-01
8.290155440414507249e-01
8.290155440414507249e-01
8.272884283246977333e-01
8.272884283246977333e-01
8.255613126079447417e-01
8.255613126079447417e-01
8.238341968911917501e-01
8.221070811744386475e-01
8.221070811744386475e-01
8.151986183074265702e-01
8.134715025906735786e-01
8.134715025906735786e-01
8.117443868739205870e-01
8.082901554404144928e-01
8.065630397236615012e-01
8.065630397236615012e-01
7.979274611398963213e-01
7.927461139896373465e-01
7.910189982728842439e-01
7.910189982728842439e-01
7.892918825561312524e-01
7.875647668393782608e-01
7.875647668393782608e-01
7.806563039723661834e-01
7.789291882556130808e-01
7.737478411053541061e-01
7.737478411053541061e-01
7.720207253886010035e-01
7.702936096718480119e-01
7.564766839378238572e-01
7.392055267702936083e-01
7.374784110535406167e-01
7.357512953367875141e-01
7.357512953367875141e-01
7.322970639032815310e-01
7.322970639032815310e-01
7.236614853195164621e-01
7.202072538860103679e-01
7.202072538860103679e-01
7.184801381692573763e-01
7.167530224525042737e-01
7.167530224525042737e-01
7.132987910189982905e-01
7.115716753022452989e-01
7.081174438687392048e-01
7.063903281519862132e-01
7.046632124352331106e-01
6.718480138169257154e-01
6.683937823834197323e-01
6.666666666666666297e-01
6.649395509499136381e-01
6.649395509499136381e-01
6.632124352331606465e-01
6.580310880829015607e-01
6.580310880829015607e-01
6.545768566493954665e-01
6.528497409326424750e-01
6.476683937823833892e-01
6.459412780656303976e-01
6.442141623488774060e-01
6.407599309153713119e-01
6.321243523316062429e-01
6.286701208981001487e-01
6.269430051813471572e-01
6.200345423143350798e-01
6.183074265975820882e-01
5.146804835924007060e-01
5.129533678756477144e-01
5.129533678756477144e-01
4.853195164075992940e-01
4.835924006908463024e-01
4.801381692573402638e-01
4.784110535405872167e-01
4.766839378238341696e-01
4.766839378238341696e-01
4.749568221070811780e-01
4.715025906735751393e-01
4.680483592400691006e-01
4.663212435233160535e-01
4.645941278065630620e-01
4.628670120898100149e-01
4.611398963730569678e-01
4.576856649395509291e-01
4.559585492227979375e-01
4.542314335060448904e-01
4.525043177892918989e-01
4.507772020725388518e-01
4.404145077720207357e-01
4.386873920552676887e-01
4.369602763385146971e-01
4.352331606217616500e-01
4.335060449050086584e-01
4.317789291882556113e-01
4.093264248704663322e-01
3.937823834196891304e-01
3.920552677029360833e-01
3.834196891191709589e-01
3.816925734024179673e-01
3.592400690846286881e-01
3.557858376511226495e-01
3.540587219343696024e-01
3.488773747841105166e-01
3.488773747841105166e-01
3.471502590673575250e-01
3.454231433506044779e-01
3.436960276338514864e-01
3.436960276338514864e-01
3.402417962003454477e-01
3.385146804835924006e-01
3.367875647668393535e-01
3.333333333333333148e-01
3.298791018998272762e-01
3.281519861830742846e-01
3.246977547495682459e-01
3.212435233160621517e-01
3.212435233160621517e-01
3.039723661485319584e-01
3.022452504317789113e-01
2.987910189982728726e-01
2.970639032815198810e-01
2.953367875647668339e-01
2.936096718480138423e-01
2.901554404145077481e-01
2.884283246977547566e-01
2.867012089810017095e-01
2.849740932642487179e-01
2.832469775474956708e-01
2.815198618307426792e-01
2.728842832469775548e-01
2.711571675302245077e-01
2.694300518134715161e-01
2.677029360967184690e-01
2.659758203799654774e-01
2.642487046632124303e-01
2.607944732297063917e-01
2.607944732297063917e-01
2.590673575129533446e-01
2.538860103626943143e-01
2.487046632124352286e-01
2.452504317789291899e-01
2.435233160621761705e-01
2.417962003454231512e-01
2.417962003454231512e-01
2.400690846286701319e-01
2.383419689119170848e-01
2.366148531951640654e-01
2.348877374784110461e-01
2.331606217616580268e-01
2.020725388601036232e-01
2.003454231433506039e-01
1.968911917098445652e-01
1.899827288428324601e-01
1.882556131260794408e-01
1.848013816925734021e-01
1.830742659758203827e-01
1.778929188255613247e-01
1.761658031088082776e-01
1.727115716753022390e-01
1.709844559585492196e-01
1.658031088082901616e-01
1.640759930915371423e-01
1.623488773747841230e-01
1.606217616580310759e-01
1.588946459412780565e-01
1.571675302245250372e-01
1.554404145077720178e-01
1.519861830742659792e-01
1.502590673575129598e-01
1.485319516407599405e-01
1.468048359240069212e-01
1.450777202072538741e-01
1.433506044905008547e-01
1.416234887737478354e-01
1.347150259067357581e-01
1.347150259067357581e-01
1.347150259067357581e-01
1.329879101899827387e-01
1.312607944732297194e-01
1.295336787564766723e-01
1.278065630397236530e-01
1.260794473229706336e-01
1.243523316062176143e-01
1.226252158894645949e-01
1.191709844559585424e-01
1.191709844559585424e-01
1.174438687392055231e-01
1.122625215889464650e-01
1.105354058721934318e-01
1.088082901554404125e-01
1.070811744386873932e-01
1.018998272884283213e-01
1.018998272884283213e-01
1.001727115716753019e-01
9.844559585492228260e-02
9.671848013816926326e-02
9.499136442141623005e-02
9.326424870466321071e-02
9.153713298791019137e-02
8.808290155440413882e-02
8.635578583765111949e-02
7.081174438687391770e-02
7.081174438687391770e-02
6.908462867012089836e-02
6.735751295336787903e-02
6.563039723661485969e-02
6.390328151986182648e-02
6.217616580310880714e-02
6.044905008635578780e-02
5.872193436960276153e-02
5.872193436960276153e-02
5.872193436960276153e-02
5.699481865284974219e-02
5.354058721934369658e-02
0.000000000000000000e+00
