0.000000000000000000e+00
1.727115716753022372e-03
6.908462867012089489e-03
1.036269430051813510e-02
1.208981001727115791e-02
1.554404145077720178e-02
1.727115716753022459e-02
1.727115716753022459e-02
4.145077720207254041e-02
4.145077720207254041e-02
4.663212435233160535e-02
4.835924006908463163e-02
5.008635578583765097e-02
5.008635578583765097e-02
5.181347150259067030e-02
5.181347150259067030e-02
5.872193436960276153e-02
6.563039723661485969e-02
6.563039723661485969e-02
6.908462867012089836e-02
7.081174438687391770e-02
7.253886010362693704e-02
7.599309153713298959e-02
8.290155440414508081e-02
8.290155440414508081e-02
8.981001727115717204e-02
8.981001727115717204e-02
9.326424870466321071e-02
9.671848013816926326e-02
1.053540587219343738e-01
1.088082901554404125e-01
1.105354058721934318e-01
1.105354058721934318e-01
1.122625215889464650e-01
1.139896373056994844e-01
1.208981001727115756e-01
1.208981001727115756e-01
1.260794473229706336e-01
1.329879101899827387e-01
1.347150259067357581e-01
1.381692573402417967e-01
1.398963730569948161e-01
1.433506044905008547e-01
1.433506044905008547e-01
1.468048359240069212e-01
1.519861830742659792e-01
1.554404145077720178e-01
1.588946459412780565e-01
1.623488773747841230e-01
1.640759930915371423e-01
1.675302245250431810e-01
1.692573402417962003e-01
1.727115716753022390e-01
1.727115716753022390e-01
1.744386873920552583e-01
1.778929188255613247e-01
1.778929188255613247e-01
1.830742659758203827e-01
1.848013816925734021e-01
1.917098445595854794e-01
2.003454231433506039e-01
2.020725388601036232e-01
2.124352331606217670e-01
2.141623488773747863e-01
2.452504317789291899e-01
2.487046632124352286e-01
2.504317789291882757e-01
2.556131260794473059e-01
2.590673575129533446e-01
2.677029360967184690e-01
2.746113989637305464e-01
2.763385146804835935e-01
2.936096718480138423e-01
2.970639032815198810e-01
2.987910189982728726e-01
3.212435233160621517e-01
3.229706390328151988e-01
3.264248704663212375e-01
3.264248704663212375e-01
3.298791018998272762e-01
3.298791018998272762e-01
3.333333333333333148e-01
3.367875647668393535e-01
3.454231433506044779e-01
3.609671848013816797e-01
3.609671848013816797e-01
3.834196891191709589e-01
3.851468048359240059e-01
3.989637305699481606e-01
4.024179620034542548e-01
4.058721934369602935e-01
4.335060449050086584e-01
4.352331606217616500e-01
4.369602763385146971e-01
4.421416234887737273e-01
4.421416234887737273e-01
4.490500863557858602e-01
4.559585492227979375e-01
4.594127806563039762e-01
4.645941278065630620e-01
4.715025906735751393e-01
4.766839378238341696e-01
4.766839378238341696e-01
4.784110535405872167e-01
4.784110535405872167e-01
4.801381692573402638e-01
4.870466321243523411e-01
4.887737478411053327e-01
4.905008635578583798e-01
4.939550949913644184e-01
4.991364421416235042e-01
5.008635578583765513e-01
5.025906735751295429e-01
5.060449050086355260e-01
5.112262521588946118e-01
5.146804835924007060e-01
5.198618307426597918e-01
5.284974093264248607e-01
5.302245250431778523e-01
5.336787564766839465e-01
5.388601036269430322e-01
5.440414507772021180e-01
6.476683937823833892e-01
6.511226252158894834e-01
6.545768566493954665e-01
6.873920552677029727e-01
6.925734024179620585e-01
6.977547495682210332e-01
7.012089810017271274e-01
7.046632124352331106e-01
7.046632124352331106e-01
7.132987910189982905e-01
7.167530224525042737e-01
7.184801381692573763e-01
7.357512953367875141e-01
7.374784110535406167e-01
7.392055267702936083e-01
7.495682210708117799e-01
7.495682210708117799e-01
7.530224525043177630e-01
7.530224525043177630e-01
7.564766839378238572e-01
7.582037996545768488e-01
7.651122625215889261e-01
7.685664939550950203e-01
7.720207253886010035e-01
7.754749568221070977e-01
7.789291882556130808e-01
7.789291882556130808e-01
7.823834196891191750e-01
7.841105354058721666e-01
7.875647668393782608e-01
7.875647668393782608e-01
7.927461139896373465e-01
7.927461139896373465e-01
7.962003454231433297e-01
7.979274611398963213e-01
7.979274611398963213e-01
8.013816925734024155e-01
8.048359240069085097e-01
8.082901554404144928e-01
8.082901554404144928e-01
8.151986183074265702e-01
8.151986183074265702e-01
8.186528497409326643e-01
8.186528497409326643e-01
8.221070811744386475e-01
8.255613126079447417e-01
8.255613126079447417e-01
8.272884283246977333e-01
8.272884283246977333e-01
8.290155440414507249e-01
8.324697754749568190e-01
8.324697754749568190e-01
8.341968911917098106e-01
8.341968911917098106e-01
8.393782383419688964e-01
8.411053540587218880e-01
8.411053540587218880e-01
8.428324697754749906e-01
8.428324697754749906e-01
8.445595854922279822e-01
8.445595854922279822e-01
8.462867012089809737e-01
8.480138169257340763e-01
8.531951640759930511e-01
8.531951640759930511e-01
8.549222797927461537e-01
8.549222797927461537e-01
8.635578583765112226e-01
8.635578583765112226e-01
8.773747841105353773e-01
8.773747841105353773e-01
8.791018998272884799e-01
8.791018998272884799e-01
8.842832469775474546e-01
8.842832469775474546e-01
8.842832469775474546e-01
8.894645941278065404e-01
8.894645941278065404e-01
8.929188255613126346e-01
8.929188255613126346e-01
8.998272884283247119e-01
9.015544041450777035e-01
9.015544041450777035e-01
9.032815198618306951e-01
9.032815198618306951e-01
9.101899827288428835e-01
9.119170984455958751e-01
9.136442141623488666e-01
9.136442141623488666e-01
9.153713298791018582e-01
9.153713298791018582e-01
9.188255613126079524e-01
9.188255613126079524e-01
9.205526770293609440e-01
9.205526770293609440e-01
9.222797927461139356e-01
9.222797927461139356e-01
9.240069084628670382e-01
9.240069084628670382e-01
9.257340241796200297e-01
9.274611398963730213e-01
9.274611398963730213e-01
9.291882556131261239e-01
9.291882556131261239e-01
9.326424870466321071e-01
9.378238341968911929e-01
9.378238341968911929e-01
9.395509499136441844e-01
9.395509499136441844e-01
9.395509499136441844e-01
9.395509499136441844e-01
9.412780656303972870e-01
9.412780656303972870e-01
9.447322970639032702e-01
9.447322970639032702e-01
9.464594127806562618e-01
9.464594127806562618e-01
9.481865284974093644e-01
9.481865284974093644e-01
9.499136442141623560e-01
9.499136442141623560e-01
9.516407599309153476e-01
9.516407599309153476e-01
9.533678756476683391e-01
9.533678756476683391e-01
9.550949913644214417e-01
9.550949913644214417e-01
9.568221070811744333e-01
9.568221070811744333e-01
9.585492227979274249e-01
9.585492227979274249e-01
9.602763385146805275e-01
9.637305699481865107e-01
9.637305699481865107e-01
9.637305699481865107e-01
9.637305699481865107e-01
9.637305699481865107e-01
9.637305699481865107e-01
9.637305699481865107e-01
9.637305699481865107e-01
9.637305699481865107e-01
9.637305699481865107e-01
9.637305699481865107e-01
9.637305699481865107e-01
9.637305699481865107e-01
9.671848013816926048e-01
9.671848013816926048e-01
9.671848013816926048e-01
9.689119170984455964e-01
9.689119170984455964e-01
9.689119170984455964e-01
9.706390328151985880e-01
9.723661485319516906e-01
9.723661485319516906e-01
9.723661485319516906e-01
9.723661485319516906e-01
9.723661485319516906e-01
9.723661485319516906e-01
9.723661485319516906e-01
9.723661485319516906e-01
9.723661485319516906e-01
9.723661485319516906e-01
9.740932642487046822e-01
9.758203799654576738e-01
9.758203799654576738e-01
9.758203799654576738e-01
9.758203799654576738e-01
9.775474956822106654e-01
9.775474956822106654e-01
9.775474956822106654e-01
9.810017271157167595e-01
9.810017271157167595e-01
9.810017271157167595e-01
9.810017271157167595e-01
9.810017271157167595e-01
9.810017271157167595e-01
9.827288428324697511e-01
9.827288428324697511e-01
9.827288428324697511e-01
9.827288428324697511e-01
9.827288428324697511e-01
9.827288428324697511e-01
9.827288428324697511e-01
9.827288428324697511e-01
9.844559585492227427e-01
9.844559585492227427e-01
9.844559585492227427e-01
9.861830742659758453e-01
9.861830742659758453e-01
9.879101899827288369e-01
9.879101899827288369e-01
9.879101899827288369e-01
9.879101899827288369e-01
9.913644214162349311e-01
9.913644214162349311e-01
9.913644214162349311e-01
9.913644214162349311e-01
9.913644214162349311e-01
9.913644214162349311e-01
9.913644214162349311e-01
9.913644214162349311e-01
9.913644214162349311e-01
9.913644214162349311e-01
9.913644214162349311e-01
9.913644214162349311e-01
9.913644214162349311e-01
9.930915371329879227e-01
9.930915371329879227e-01
9.930915371329879227e-01
9.948186528497409142e-01
9.948186528497409142e-01
9.965457685664939058e-01
9.965457685664939058e-01
9.965457685664939058e-01
9.965457685664939058e-01
9.965457685664939058e-01
9.982728842832470084e-01
9.982728842832470084e-01
1.000000000000000000e+00
1.000000000000000000e+00
1.000000000000000000e+00
1.000000000000000000e+00
1.000000000000000000e+00
1.000000000000000000e+00
1.000000000000000000e+00
1.000000000000000000e+00
1.000000000000000000e+00
1.000000000000000000e+00
1.000000000000000000e+00
