5.000000000000000000e-01
5.004321521175453258e-01
5.008650519031141446e-01
5.012987012987012436e-01
5.017331022530329143e-01
5.021682567215958182e-01
5.026041666666666297e-01
5.034782608695652639e-01
5.039164490861618440e-01
5.043554006968641312e-01
5.047951176983435095e-01
5.061188811188811476e-01
5.065616797900261981e-01
5.070052539404553693e-01
5.074496056091147844e-01
5.083406496927128648e-01
5.087873462214411724e-01
5.092348284960421800e-01
5.096830985915492551e-01
5.101321585903083600e-01
5.110326566637246604e-01
5.114840989399292992e-01
5.119363395225464686e-01
5.123893805309734928e-01
5.128432240921169116e-01
5.132978723404255650e-01
5.137533274179236775e-01
5.142095914742451646e-01
5.146666666666667167e-01
5.151245551601423278e-01
5.165031222123104282e-01
5.160714285714286254e-01
5.165326184092939865e-01
5.169946332737029859e-01
5.174574753804834781e-01
5.179211469534049650e-01
5.183856502242152331e-01
5.188509874326749927e-01
5.193171608265947370e-01
5.197841726618704916e-01
5.202520252025202296e-01
5.207207207207207311e-01
5.211902614968439984e-01
5.216606498194945596e-01
5.221318879855465500e-01
5.226039783001807937e-01
5.230769230769231060e-01
5.235507246376811530e-01
5.240253853127833095e-01
5.245009074410162953e-01
5.249772933696639221e-01
5.254545454545455074e-01
5.250227479526842211e-01
5.259799453053782825e-01
5.269406392694063745e-01
5.274223034734917270e-01
5.279048490393413173e-01
5.283882783882783984e-01
5.288725939505041218e-01
5.298438934802570666e-01
5.303308823529411242e-01
5.298988040478380679e-01
5.303867403314916906e-01
5.308755760368664145e-01
5.313653136531365506e-01
5.318559556786703890e-01
5.323475046210720540e-01
5.319148936170212671e-01
5.329008341056533649e-01
5.333951762523191364e-01
5.338904363974001921e-01
5.343866171003717191e-01
5.339534883720929992e-01
5.344506517690875702e-01
5.349487418452936183e-01
5.354477611940298143e-01
5.359477124183006369e-01
5.364485981308411144e-01
5.369504209541627882e-01
5.374531835205992314e-01
5.379568884723523459e-01
5.389671361502347269e-01
5.399811853245531923e-01
5.409990574929312013e-01
5.415094339622641417e-01
5.420207743153918623e-01
5.425330812854441964e-01
5.430463576158940375e-01
5.435606060606060774e-01
5.440758293838862114e-01
5.445920303605312762e-01
5.461465271170313773e-01
5.466666666666666341e-01
5.471877979027645056e-01
5.482330468003820956e-01
5.487571701720841411e-01
5.492822966507177052e-01
5.498084291187739225e-01
5.503355704697986406e-01
5.524542829643888098e-01
5.529865125240848167e-01
5.535197685631629838e-01
5.540540540540540571e-01
5.545893719806763711e-01
5.551257253384912493e-01
5.556631171345595144e-01
5.562015503875968880e-01
5.567410281280310569e-01
5.578231292517006334e-01
5.583657587548638279e-01
5.589094449853942992e-01
5.594541910331384260e-01
5.600000000000000533e-01
5.605468750000000000e-01
5.610948191593352341e-01
5.616438356164383805e-01
5.621939275220372290e-01
5.627450980392156854e-01
5.632973503434739460e-01
5.638506876227897813e-01
5.644051130776794878e-01
5.666337611056267987e-01
5.662055335968378955e-01
5.657764589515331677e-01
5.663366336633662845e-01
5.668979187314172608e-01
5.697211155378486547e-01
5.702891326021933827e-01
5.708582834331337175e-01
5.714285714285713969e-01
5.719999999999999529e-01
5.725725725725725468e-01
5.721442885771542697e-01
5.727181544633901389e-01
5.732931726907630754e-01
5.728643216080402389e-01
5.751765893037336097e-01
5.757575757575758013e-01
5.763397371081900866e-01
5.769230769230768718e-01
5.775075987841945535e-01
5.780933062880324602e-01
5.776649746192893398e-01
5.782520325203251987e-01
5.788402848423194191e-01
5.794297352342159257e-01
5.812053115423901906e-01
5.817995910020450356e-01
5.829918032786884918e-01
5.835897435897435814e-01
5.841889117043120860e-01
5.847893114080164878e-01
5.853909465020575853e-01
5.859938208032955398e-01
5.865979381443299223e-01
5.872033023735809820e-01
5.890269151138716186e-01
5.896373056994819173e-01
5.902489626556016722e-01
5.908618899273104796e-01
5.910509885535900620e-01
5.916666666666666741e-01
5.935214211076279556e-01
5.941422594142259372e-01
5.947643979057591901e-01
5.953878406708595916e-01
5.960125918153200697e-01
5.966386554621848637e-01
5.978947368421052566e-01
5.985247629083245702e-01
5.991561181434599259e-01
5.997888067581836902e-01
6.004228329809725428e-01
6.010582010582010692e-01
6.016949152542372392e-01
6.023329798515376643e-01
6.029723991507430769e-01
6.036131774707758080e-01
6.034115138592750505e-01
6.053475935828876997e-01
6.059957173447537704e-01
6.066452304394426287e-01
6.072961373390557416e-01
6.079484425349086507e-01
6.088362068965517127e-01
6.094929881337648458e-01
6.101511879049675846e-01
6.108108108108107892e-01
6.127982646420824242e-01
6.134636264929425042e-01
6.141304347826086474e-01
6.147986942328618198e-01
6.177437020810514490e-01
6.180021953896817077e-01
6.186813186813187038e-01
6.220994475138121871e-01
6.227876106194690786e-01
6.248612652608213081e-01
6.269487750556792527e-01
6.276477146042362953e-01
6.283482142857143016e-01
6.297539149888142784e-01
6.332958380202474702e-01
6.354401805869074327e-01
6.383219954648525762e-01
6.422857142857142376e-01
6.418764302059496440e-01
6.433486238532110102e-01
6.440872560275545666e-01
6.448275862068965081e-01
6.444188722669735858e-01
6.511627906976744651e-01
6.519208381839347588e-01
6.526806526806526731e-01
6.534422403733955997e-01
6.542056074766354756e-01
6.549707602339180923e-01
6.557377049180327377e-01
6.565064478311840590e-01
6.572769953051643688e-01
6.580493537015276173e-01
6.588235294117646967e-01
6.595995288574794113e-01
6.603773584905660021e-01
6.611570247933884481e-01
6.666666666666666297e-01
6.674641148325358708e-01
6.722891566265060126e-01
6.739130434782608647e-01
6.747279322853687589e-01
6.755447941888619301e-01
6.763636363636363891e-01
6.771844660194175081e-01
6.780072904009720736e-01
6.813186813186813406e-01
6.821515892420537686e-01
6.829865361077110952e-01
6.838235294117647189e-01
6.846625766871166086e-01
6.863468634686347158e-01
6.871921182266009787e-01
6.880394574599260071e-01
6.888888888888888840e-01
6.905940594059405413e-01
6.914498141263940578e-01
6.923076923076922906e-01
6.931677018633540799e-01
6.940298507462686617e-01
6.948941469489414713e-01
6.957605985037406127e-01
6.966292134831461036e-01
6.975000000000000089e-01
6.992481203007518964e-01
7.001254705144290824e-01
7.010050251256281229e-01
7.018867924528301439e-01
7.027707808564231939e-01
7.036569987389659220e-01
7.032828282828282873e-01
7.029077117572692934e-01
7.034220532319391817e-01
7.043147208121827152e-01
7.052096569250317915e-01
7.061068702290076438e-01
7.070063694267515464e-01
7.079081632653061451e-01
7.088122605363984530e-01
7.097186700767262879e-01
7.106274007682458205e-01
7.115384615384615641e-01
7.120822622107969568e-01
7.129987129987129801e-01
7.139175257731958935e-01
7.135483870967741504e-01
7.144702842377260721e-01
7.153945666235446144e-01
7.163212435233160535e-01
7.172503242542153101e-01
7.181818181818181435e-01
7.187500000000000000e-01
7.196870925684485387e-01
7.206266318537859483e-01
7.202614379084967267e-01
7.212041884816754456e-01
7.221494102228047662e-01
7.230971128608923992e-01
7.227332457293035306e-01
7.236842105263158187e-01
7.246376811594202882e-01
7.255936675461741592e-01
7.265521796565389545e-01
7.275132275132275561e-01
7.271523178807947074e-01
7.281167108753315853e-01
7.290836653386454369e-01
7.300531914893616525e-01
7.310252996005326409e-01
7.306666666666666865e-01
7.316421895861148217e-01
7.326203208556150148e-01
7.336010709504685590e-01
7.345844504021448174e-01
7.342281879194630934e-01
7.352150537634408733e-01
7.348586810228802113e-01
7.345013477088948584e-01
7.354925775978407021e-01
7.364864864864865135e-01
7.361299052774018525e-01
7.371273712737127504e-01
7.391304347826086474e-01
7.401360544217686632e-01
7.411444141689372822e-01
7.421555252387448398e-01
7.418032786885245811e-01
7.428180574555403037e-01
7.424657534246574819e-01
7.421124828532236206e-01
7.417582417582417875e-01
7.410468319559229133e-01
7.430939226519337470e-01
7.427385892116182831e-01
7.437673130193905857e-01
7.447988904299583934e-01
7.458333333333333481e-01
7.468706536856745126e-01
7.479108635097493352e-01
7.489539748953975007e-01
7.500000000000000000e-01
7.510489510489510856e-01
7.521008403361344463e-01
7.531556802244039339e-01
7.538677918424754321e-01
7.535211267605633756e-01
7.545839210155148580e-01
7.542372881355932090e-01
7.553041018387552930e-01
7.563739376770538536e-01
7.571022727272727071e-01
7.581792318634423822e-01
7.589158345221113100e-01
7.600000000000000089e-01
7.593123209169054810e-01
7.604017216642754429e-01
7.614942528735632044e-01
7.611510791366906670e-01
7.622478386167147457e-01
7.633477633477633306e-01
7.630057803468207611e-01
7.637681159420289800e-01
7.634252539912916857e-01
7.630813953488372325e-01
7.627365356622998194e-01
7.623906705539358342e-01
7.635036496350364743e-01
7.631578947368421462e-01
7.642752562225475499e-01
7.653958944281524790e-01
7.665198237885462174e-01
7.676470588235294601e-01
7.684365781710914556e-01
7.680945347119645383e-01
7.677514792899408080e-01
7.674074074074074270e-01
7.670623145400593534e-01
7.682020802377415025e-01
7.675111773472429455e-01
7.686567164179104461e-01
7.683109118086696165e-01
7.679640718562874557e-01
7.676161919040479509e-01
7.699248120300752340e-01
7.710843373493976305e-01
7.707390648567119529e-01
7.703927492447130154e-01
7.700453857791225154e-01
7.712121212121212377e-01
7.708649468892261325e-01
7.720364741641337902e-01
7.716894977168949898e-01
7.713414634146341653e-01
7.709923664122136922e-01
7.706422018348624281e-01
7.702909647779478952e-01
7.699386503067484622e-01
7.695852534562211966e-01
7.692307692307692735e-01
7.704160246533128253e-01
7.716049382716049232e-01
7.727975270479134906e-01
7.724458204334365696e-01
7.720930232558139705e-01
7.717391304347825942e-01
7.713841368584758440e-01
7.710280373831776002e-01
7.722308892355693732e-01
7.734375000000000000e-01
7.730829420970265486e-01
7.742946708463950278e-01
7.739403453689167600e-01
7.735849056603774088e-01
7.732283464566929165e-01
7.740916271721959285e-01
7.737341772151898889e-01
7.749603803486528886e-01
7.761904761904762085e-01
7.774244833068362226e-01
7.786624203821655987e-01
7.783094098883572842e-01
7.795527156549520997e-01
7.792000000000000037e-01
7.804487179487179516e-01
7.800963081861957971e-01
7.802907915993537724e-01
7.815533980582524132e-01
7.811993517017827848e-01
7.824675324675324228e-01
7.830342577487765521e-01
7.826797385620914982e-01
7.839607201309328754e-01
7.836065573770492065e-01
7.848932676518883822e-01
7.841845140032949191e-01
7.838283828382838214e-01
7.834710743801652777e-01
7.847682119205298124e-01
7.860696517412935069e-01
7.857142857142856984e-01
7.853577371048252598e-01
7.866666666666666252e-01
7.863105175292153248e-01
7.859531772575251152e-01
7.855946398659966468e-01
7.852348993288590373e-01
7.865546218487394770e-01
7.878787878787878451e-01
7.875210792580100705e-01
7.871621621621621712e-01
7.864406779661017310e-01
7.860780984719863973e-01
7.857142857142856984e-01
7.870528109028960273e-01
7.883959044368600289e-01
7.880341880341880101e-01
7.873070325900514144e-01
7.886597938144329634e-01
7.882960413080895012e-01
7.879310344827585855e-01
7.875647668393782608e-01
7.889273356401383941e-01
7.902946273830155910e-01
7.899305555555555802e-01
7.895652173913043637e-01
7.905759162303664933e-01
7.902097902097902082e-01
7.898423817863398089e-01
7.912280701754386136e-01
7.904929577464788748e-01
7.911504424778761368e-01
7.907801418439716068e-01
7.904085257548845167e-01
7.896613190730837895e-01
7.892857142857142572e-01
7.889087656529516490e-01
7.885304659498207913e-01
7.881508078994613475e-01
7.891891891891892330e-01
7.888086642599277942e-01
7.884267631103074603e-01
7.898550724637680709e-01
7.894736842105263275e-01
7.890909090909090651e-01
7.905282331511839233e-01
7.896678966789667520e-01
7.907407407407407440e-01
7.932960893854749118e-01
7.908745247148288859e-01
7.904761904761904434e-01
7.927063339731286185e-01
7.922330097087378897e-01
7.937743190661478154e-01
7.933723196881091733e-01
7.929687500000000000e-01
7.921568627450980005e-01
7.917485265225933100e-01
7.913385826771653919e-01
7.909270216962525080e-01
7.912524850894632200e-01
7.962184873949579300e-01
7.987288135593220151e-01
7.978723404255319007e-01
7.934508816120906527e-01
7.929292929292929282e-01
7.924050632911392444e-01
7.918781725888325296e-01
7.902813299232737121e-01
7.932816537467700657e-01
7.927461139896373465e-01
7.900262467191601079e-01
7.894736842105263275e-01
7.889182058047493618e-01
7.883597883597883715e-01
7.935656836461125740e-01
7.961956521739130821e-01
7.950819672131147486e-01
7.945205479452054353e-01
7.961432506887052840e-01
7.955801104972375359e-01
7.950138504155124242e-01
7.944444444444443976e-01
7.932960893854749118e-01
7.927170868347338528e-01
7.943661971830986435e-01
7.988505747126436463e-01
7.982708933717579391e-01
8.005780346820808857e-01
8.000000000000000444e-01
8.023255813953488191e-01
8.005865102639295738e-01
8.000000000000000444e-01
7.994100294985250210e-01
7.988165680473372499e-01
7.982195845697329650e-01
7.964071856287424644e-01
7.957957957957958461e-01
7.951807228915662717e-01
7.926829268292683306e-01
7.920489296636085141e-01
7.914110429447852590e-01
7.907692307692307798e-01
7.901234567901234129e-01
7.925696594427245056e-01
7.955974842767296051e-01
7.949526813880126719e-01
7.968253968253967701e-01
8.075601374570446911e-01
8.068965517241378782e-01
8.062283737024221741e-01
8.105263157894736503e-01
8.050541516245487417e-01
8.043478260869565410e-01
7.977099236641221891e-01
8.007662835249041988e-01
8.032128514056224855e-01
8.091286307053942028e-01
8.109243697478991653e-01
8.101265822784810000e-01
8.093220338983050377e-01
8.162393162393162260e-01
8.154506437768240801e-01
8.146551724137931494e-01
8.181818181818182323e-01
8.165938864628821126e-01
8.157894736842105088e-01
8.277511961722487932e-01
8.269230769230768718e-01
8.292682926829267887e-01
8.376963350785340268e-01
8.368421052631579427e-01
8.333333333333333703e-01
8.287292817679557944e-01
8.277777777777777235e-01
8.268156424581005748e-01
8.430232558139535426e-01
8.421052631578946901e-01
8.402366863905325056e-01
8.322147651006711611e-01
8.367346938775510612e-01
8.344827586206896575e-01
8.321678321678321888e-01
8.297872340425531679e-01
8.285714285714286254e-01
8.222222222222221877e-01
8.230769230769230393e-01
8.217054263565891636e-01
8.174603174603174427e-01
8.239999999999999547e-01
8.211382113821138473e-01
8.264462809917355601e-01
8.333333333333333703e-01
8.305084745762711940e-01
8.290598290598291120e-01
8.260869565217391353e-01
8.245614035087719396e-01
8.214285714285713969e-01
8.198198198198197728e-01
8.181818181818182323e-01
8.148148148148147696e-01
8.130841121495326895e-01
8.113207547169811740e-01
8.095238095238095344e-01
8.058252427184465772e-01
8.137254901960784270e-01
8.100000000000000533e-01
8.080808080808080662e-01
8.041237113402062153e-01
8.105263157894736503e-01
8.085106382978722861e-01
8.064516129032257563e-01
8.043478260869565410e-01
8.021978021978022344e-01
8.045977011494253039e-01
8.139534883720930258e-01
8.117647058823529438e-01
8.095238095238095344e-01
8.072289156626506479e-01
8.048780487804878536e-01
8.125000000000000000e-01
8.101265822784810000e-01
8.205128205128204844e-01
8.289473684210526550e-01
8.266666666666666607e-01
8.243243243243243423e-01
8.235294117647058432e-01
8.208955223880597396e-01
8.181818181818182323e-01
8.125000000000000000e-01
8.253968253968253510e-01
8.225806451612903691e-01
8.196721311475410054e-01
8.166666666666666519e-01
8.135593220338983578e-01
8.275862068965517127e-01
8.245614035087719396e-01
8.214285714285713969e-01
8.181818181818182323e-01
8.148148148148147696e-01
8.076923076923077094e-01
8.199999999999999512e-01
8.163265306122449161e-01
8.085106382978722861e-01
8.260869565217391353e-01
8.095238095238095344e-01
8.048780487804878536e-01
8.000000000000000444e-01
7.948717948717948234e-01
7.894736842105263275e-01
8.108108108108108558e-01
8.055555555555555802e-01
8.285714285714286254e-01
8.235294117647058432e-01
8.437500000000000000e-01
8.387096774193548709e-01
8.333333333333333703e-01
8.275862068965517127e-01
8.571428571428570953e-01
8.518518518518518601e-01
8.461538461538461453e-01
8.399999999999999689e-01
8.333333333333333703e-01
8.260869565217391353e-01
8.181818181818182323e-01
8.095238095238095344e-01
8.000000000000000444e-01
7.894736842105263275e-01
7.777777777777777901e-01
7.647058823529411242e-01
7.500000000000000000e-01
7.333333333333332815e-01
7.142857142857143016e-01
7.692307692307692735e-01
7.500000000000000000e-01
6.999999999999999556e-01
6.666666666666666297e-01
6.666666666666666297e-01
1.000000000000000000e+00
1.000000000000000000e+00
