0.000000000000000000e+00
0.000000000000000000e+00
3.454231433506044745e-03
5.181347150259067551e-03
5.181347150259067551e-03
5.181347150259067551e-03
5.181347150259067551e-03
6.908462867012089489e-03
6.908462867012089489e-03
8.635578583765112295e-03
8.635578583765112295e-03
1.036269430051813510e-02
1.036269430051813510e-02
1.208981001727115791e-02
1.208981001727115791e-02
1.381692573402417898e-02
1.381692573402417898e-02
1.381692573402417898e-02
1.554404145077720178e-02
1.554404145077720178e-02
1.554404145077720178e-02
1.727115716753022459e-02
1.727115716753022459e-02
1.727115716753022459e-02
1.899827288428324740e-02
1.899827288428324740e-02
2.072538860103627020e-02
2.072538860103627020e-02
2.072538860103627020e-02
2.245250431778929301e-02
2.245250431778929301e-02
2.417962003454231582e-02
2.590673575129533515e-02
2.590673575129533515e-02
2.763385146804835796e-02
2.763385146804835796e-02
2.936096718480138076e-02
3.108808290155440357e-02
3.108808290155440357e-02
3.281519861830742985e-02
3.281519861830742985e-02
3.281519861830742985e-02
3.281519861830742985e-02
3.454231433506044918e-02
3.454231433506044918e-02
3.454231433506044918e-02
3.454231433506044918e-02
3.454231433506044918e-02
3.454231433506044918e-02
3.454231433506044918e-02
3.454231433506044918e-02
3.454231433506044918e-02
3.454231433506044918e-02
3.626943005181346852e-02
3.799654576856649479e-02
3.799654576856649479e-02
3.972366148531951413e-02
3.972366148531951413e-02
3.972366148531951413e-02
4.145077720207254041e-02
4.145077720207254041e-02
4.145077720207254041e-02
4.145077720207254041e-02
4.317789291882555974e-02
4.663212435233160535e-02
4.663212435233160535e-02
4.663212435233160535e-02
5.354058721934369658e-02
5.354058721934369658e-02
5.354058721934369658e-02
5.354058721934369658e-02
5.354058721934369658e-02
6.044905008635578780e-02
6.217616580310880714e-02
6.217616580310880714e-02
7.253886010362693704e-02
7.253886010362693704e-02
7.253886010362693704e-02
7.426597582037997025e-02
7.426597582037997025e-02
7.772020725388600892e-02
7.772020725388600892e-02
7.944732297063902826e-02
8.462867012089810015e-02
8.981001727115717204e-02
9.153713298791019137e-02
9.326424870466321071e-02
9.326424870466321071e-02
9.326424870466321071e-02
9.671848013816926326e-02
9.671848013816926326e-02
1.105354058721934318e-01
1.122625215889464650e-01
1.122625215889464650e-01
1.157167530224525037e-01
1.174438687392055231e-01
1.174438687392055231e-01
1.174438687392055231e-01
1.174438687392055231e-01
1.174438687392055231e-01
1.174438687392055231e-01
1.174438687392055231e-01
1.191709844559585424e-01
1.191709844559585424e-01
1.208981001727115756e-01
1.208981001727115756e-01
1.260794473229706336e-01
1.278065630397236530e-01
1.278065630397236530e-01
1.278065630397236530e-01
1.278065630397236530e-01
1.295336787564766723e-01
1.295336787564766723e-01
1.295336787564766723e-01
1.329879101899827387e-01
1.381692573402417967e-01
1.381692573402417967e-01
1.381692573402417967e-01
1.381692573402417967e-01
1.416234887737478354e-01
1.416234887737478354e-01
1.416234887737478354e-01
1.640759930915371423e-01
1.640759930915371423e-01
1.675302245250431810e-01
1.813471502590673634e-01
1.830742659758203827e-01
1.830742659758203827e-01
1.830742659758203827e-01
1.830742659758203827e-01
1.848013816925734021e-01
1.865284974093264214e-01
1.899827288428324601e-01
1.899827288428324601e-01
1.917098445595854794e-01
1.951640759930915459e-01
1.968911917098445652e-01
1.986183074265975845e-01
2.003454231433506039e-01
2.003454231433506039e-01
2.020725388601036232e-01
2.020725388601036232e-01
2.037996545768566425e-01
2.037996545768566425e-01
2.037996545768566425e-01
2.037996545768566425e-01
2.055267702936096619e-01
2.055267702936096619e-01
2.072538860103626812e-01
2.072538860103626812e-01
2.089810017271157283e-01
2.089810017271157283e-01
2.124352331606217670e-01
2.124352331606217670e-01
2.141623488773747863e-01
2.141623488773747863e-01
2.141623488773747863e-01
2.176165803108808250e-01
2.176165803108808250e-01
2.176165803108808250e-01
2.176165803108808250e-01
2.210708117443868637e-01
2.210708117443868637e-01
2.227979274611398830e-01
2.227979274611398830e-01
2.262521588946459494e-01
2.262521588946459494e-01
2.262521588946459494e-01
2.279792746113989688e-01
2.279792746113989688e-01
2.297063903281519881e-01
2.297063903281519881e-01
2.314335060449050074e-01
2.331606217616580268e-01
2.331606217616580268e-01
2.348877374784110461e-01
2.366148531951640654e-01
2.366148531951640654e-01
2.383419689119170848e-01
2.383419689119170848e-01
2.400690846286701319e-01
2.400690846286701319e-01
2.469775474956822092e-01
2.469775474956822092e-01
2.487046632124352286e-01
2.487046632124352286e-01
2.504317789291882757e-01
2.504317789291882757e-01
2.538860103626943143e-01
2.538860103626943143e-01
2.590673575129533446e-01
2.590673575129533446e-01
2.607944732297063917e-01
2.607944732297063917e-01
2.625215889464594388e-01
2.625215889464594388e-01
2.642487046632124303e-01
2.677029360967184690e-01
2.677029360967184690e-01
2.694300518134715161e-01
2.694300518134715161e-01
2.711571675302245077e-01
2.711571675302245077e-01
2.728842832469775548e-01
2.797927461139896321e-01
2.797927461139896321e-01
2.815198618307426792e-01
2.815198618307426792e-01
2.832469775474956708e-01
2.832469775474956708e-01
2.867012089810017095e-01
2.867012089810017095e-01
2.901554404145077481e-01
2.901554404145077481e-01
2.918825561312607952e-01
2.936096718480138423e-01
2.953367875647668339e-01
2.970639032815198810e-01
3.005181347150259197e-01
3.005181347150259197e-01
3.022452504317789113e-01
3.022452504317789113e-01
3.039723661485319584e-01
3.212435233160621517e-01
3.212435233160621517e-01
3.246977547495682459e-01
3.246977547495682459e-01
3.246977547495682459e-01
3.264248704663212375e-01
3.264248704663212375e-01
3.316062176165803232e-01
3.350604490500863619e-01
3.367875647668393535e-01
3.367875647668393535e-01
3.402417962003454477e-01
3.402417962003454477e-01
3.419689119170984393e-01
3.419689119170984393e-01
3.488773747841105166e-01
3.488773747841105166e-01
3.557858376511226495e-01
3.557858376511226495e-01
3.644214162348877184e-01
3.644214162348877184e-01
3.696027633851468042e-01
3.696027633851468042e-01
3.730569948186528428e-01
3.747841105354058899e-01
3.834196891191709589e-01
3.834196891191709589e-01
3.868739205526770530e-01
3.886010362694300446e-01
4.041450777202072464e-01
4.058721934369602935e-01
4.058721934369602935e-01
4.145077720207253624e-01
4.179620034542314566e-01
4.317789291882556113e-01
4.352331606217616500e-01
4.404145077720207357e-01
4.438687392055267744e-01
4.507772020725388518e-01
4.576856649395509291e-01
4.663212435233160535e-01
4.697754749568220922e-01
4.801381692573402638e-01
4.818652849740932553e-01
4.956822107081174655e-01
5.181347150259066892e-01
5.336787564766839465e-01
5.336787564766839465e-01
5.371329879101899296e-01
5.405872193436960238e-01
5.405872193436960238e-01
5.509499136442141953e-01
5.578583765112262727e-01
5.630397236614853584e-01
5.716753022452504274e-01
5.751295336787565216e-01
5.785837651122625047e-01
5.889464594127806762e-01
5.906735751295336678e-01
5.993091537132987368e-01
6.010362694300518394e-01
6.027633851468048309e-01
6.113989637305698999e-01
6.165803108808289856e-01
6.217616580310880714e-01
6.269430051813471572e-01
6.303972366148531403e-01
6.373056994818653287e-01
6.424870466321243034e-01
6.442141623488774060e-01
6.597582037996545523e-01
6.632124352331606465e-01
6.718480138169257154e-01
6.770293609671848012e-01
6.787564766839377928e-01
6.804835924006908954e-01
6.856649395509498701e-01
6.908462867012089559e-01
7.029360967184801190e-01
7.063903281519862132e-01
7.081174438687392048e-01
7.132987910189982905e-01
7.184801381692573763e-01
7.184801381692573763e-01
7.271157167530224452e-01
7.340241796200345226e-01
7.340241796200345226e-01
7.374784110535406167e-01
7.374784110535406167e-01
7.461139896373056857e-01
7.547495682210708656e-01
7.582037996545768488e-01
7.582037996545768488e-01
7.651122625215889261e-01
7.858376511226252692e-01
7.892918825561312524e-01
8.031088082901554071e-01
8.100172711571674844e-01
8.169257340241796728e-01
8.203799654576856559e-01
8.238341968911917501e-01
8.290155440414507249e-01
8.411053540587218880e-01
8.514680483592400595e-01
8.652849740932642142e-01
8.652849740932642142e-01
8.704663212435233000e-01
8.739205526770293941e-01
8.739205526770293941e-01
8.825561312607944631e-01
8.825561312607944631e-01
8.842832469775474546e-01
8.877374784110535488e-01
8.946459412780656262e-01
9.015544041450777035e-01
9.015544041450777035e-01
9.360967184801382013e-01
9.360967184801382013e-01
9.412780656303972870e-01
9.568221070811744333e-01
9.602763385146805275e-01
9.671848013816926048e-01
9.706390328151985880e-01
9.758203799654576738e-01
9.810017271157167595e-01
9.861830742659758453e-01
9.896373056994818285e-01
1.000000000000000000e+00
