0.000000000000000000e+00
0.000000000000000000e+00
0.000000000000000000e+00
3.454231433506044745e-03
3.454231433506044745e-03
5.181347150259067551e-03
5.181347150259067551e-03
5.181347150259067551e-03
5.181347150259067551e-03
6.908462867012089489e-03
6.908462867012089489e-03
8.635578583765112295e-03
8.635578583765112295e-03
1.036269430051813510e-02
1.036269430051813510e-02
1.036269430051813510e-02
1.208981001727115791e-02
1.208981001727115791e-02
1.208981001727115791e-02
1.208981001727115791e-02
1.381692573402417898e-02
1.381692573402417898e-02
1.554404145077720178e-02
1.727115716753022459e-02
1.727115716753022459e-02
1.899827288428324740e-02
1.899827288428324740e-02
1.899827288428324740e-02
1.899827288428324740e-02
2.245250431778929301e-02
2.245250431778929301e-02
2.417962003454231582e-02
2.417962003454231582e-02
2.417962003454231582e-02
2.417962003454231582e-02
2.590673575129533515e-02
2.590673575129533515e-02
2.590673575129533515e-02
2.590673575129533515e-02
2.763385146804835796e-02
2.763385146804835796e-02
2.763385146804835796e-02
2.936096718480138076e-02
2.936096718480138076e-02
3.108808290155440357e-02
3.108808290155440357e-02
3.108808290155440357e-02
3.108808290155440357e-02
3.281519861830742985e-02
3.454231433506044918e-02
3.454231433506044918e-02
3.454231433506044918e-02
3.454231433506044918e-02
3.454231433506044918e-02
3.454231433506044918e-02
3.626943005181346852e-02
3.626943005181346852e-02
3.799654576856649479e-02
3.799654576856649479e-02
3.972366148531951413e-02
3.972366148531951413e-02
3.972366148531951413e-02
4.317789291882555974e-02
4.317789291882555974e-02
4.317789291882555974e-02
4.317789291882555974e-02
4.490500863557858602e-02
4.490500863557858602e-02
4.490500863557858602e-02
4.835924006908463163e-02
4.835924006908463163e-02
5.008635578583765097e-02
5.008635578583765097e-02
5.008635578583765097e-02
5.354058721934369658e-02
5.354058721934369658e-02
5.872193436960276153e-02
5.872193436960276153e-02
5.872193436960276153e-02
6.044905008635578780e-02
6.044905008635578780e-02
6.217616580310880714e-02
6.217616580310880714e-02
6.390328151986182648e-02
6.390328151986182648e-02
6.908462867012089836e-02
7.081174438687391770e-02
7.081174438687391770e-02
7.253886010362693704e-02
7.253886010362693704e-02
7.253886010362693704e-02
7.253886010362693704e-02
7.426597582037997025e-02
7.426597582037997025e-02
7.426597582037997025e-02
7.599309153713298959e-02
7.772020725388600892e-02
7.944732297063902826e-02
7.944732297063902826e-02
8.117443868739206148e-02
8.117443868739206148e-02
8.290155440414508081e-02
8.462867012089810015e-02
8.462867012089810015e-02
8.635578583765111949e-02
8.635578583765111949e-02
8.981001727115717204e-02
8.981001727115717204e-02
9.153713298791019137e-02
9.153713298791019137e-02
9.326424870466321071e-02
9.326424870466321071e-02
9.844559585492228260e-02
9.844559585492228260e-02
1.001727115716753019e-01
1.001727115716753019e-01
1.001727115716753019e-01
1.139896373056994844e-01
1.139896373056994844e-01
1.174438687392055231e-01
1.208981001727115756e-01
1.208981001727115756e-01
1.260794473229706336e-01
1.260794473229706336e-01
1.364421416234887774e-01
1.364421416234887774e-01
1.381692573402417967e-01
1.381692573402417967e-01
1.381692573402417967e-01
1.381692573402417967e-01
1.381692573402417967e-01
1.606217616580310759e-01
1.606217616580310759e-01
1.675302245250431810e-01
1.675302245250431810e-01
1.813471502590673634e-01
1.848013816925734021e-01
1.848013816925734021e-01
1.848013816925734021e-01
1.848013816925734021e-01
1.882556131260794408e-01
1.899827288428324601e-01
1.899827288428324601e-01
1.899827288428324601e-01
1.899827288428324601e-01
1.934369602763385265e-01
1.934369602763385265e-01
1.934369602763385265e-01
1.968911917098445652e-01
1.968911917098445652e-01
1.986183074265975845e-01
1.986183074265975845e-01
2.003454231433506039e-01
2.003454231433506039e-01
2.072538860103626812e-01
2.089810017271157283e-01
2.089810017271157283e-01
2.107081174438687476e-01
2.141623488773747863e-01
2.158894645941278057e-01
2.176165803108808250e-01
2.176165803108808250e-01
2.176165803108808250e-01
2.193436960276338443e-01
2.193436960276338443e-01
2.193436960276338443e-01
2.210708117443868637e-01
2.227979274611398830e-01
2.227979274611398830e-01
2.227979274611398830e-01
2.227979274611398830e-01
2.227979274611398830e-01
2.245250431778929301e-01
2.245250431778929301e-01
2.262521588946459494e-01
2.262521588946459494e-01
2.262521588946459494e-01
2.262521588946459494e-01
2.297063903281519881e-01
2.297063903281519881e-01
2.348877374784110461e-01
2.348877374784110461e-01
2.366148531951640654e-01
2.366148531951640654e-01
2.383419689119170848e-01
2.383419689119170848e-01
2.400690846286701319e-01
2.435233160621761705e-01
2.452504317789291899e-01
2.452504317789291899e-01
2.538860103626943143e-01
2.538860103626943143e-01
2.556131260794473059e-01
2.556131260794473059e-01
2.573402417962003530e-01
2.573402417962003530e-01
2.573402417962003530e-01
2.590673575129533446e-01
2.590673575129533446e-01
2.642487046632124303e-01
2.642487046632124303e-01
2.659758203799654774e-01
2.677029360967184690e-01
2.711571675302245077e-01
2.728842832469775548e-01
2.763385146804835935e-01
2.763385146804835935e-01
2.780656303972366405e-01
2.780656303972366405e-01
2.780656303972366405e-01
2.780656303972366405e-01
2.815198618307426792e-01
2.815198618307426792e-01
2.867012089810017095e-01
2.867012089810017095e-01
2.884283246977547566e-01
2.884283246977547566e-01
2.918825561312607952e-01
2.918825561312607952e-01
2.936096718480138423e-01
2.953367875647668339e-01
2.970639032815198810e-01
2.970639032815198810e-01
3.022452504317789113e-01
3.022452504317789113e-01
3.056994818652849499e-01
3.074265975820379970e-01
3.074265975820379970e-01
3.091537132987910441e-01
3.091537132987910441e-01
3.108808290155440357e-01
3.108808290155440357e-01
3.108808290155440357e-01
3.195164075993091601e-01
3.195164075993091601e-01
3.264248704663212375e-01
3.264248704663212375e-01
3.298791018998272762e-01
3.298791018998272762e-01
3.316062176165803232e-01
3.333333333333333148e-01
3.333333333333333148e-01
3.367875647668393535e-01
3.367875647668393535e-01
3.436960276338514864e-01
3.454231433506044779e-01
3.454231433506044779e-01
3.506044905008635637e-01
3.506044905008635637e-01
3.523316062176165553e-01
3.523316062176165553e-01
3.678756476683937571e-01
3.678756476683937571e-01
3.799654576856649202e-01
3.851468048359240059e-01
3.868739205526770530e-01
3.886010362694300446e-01
3.903281519861830917e-01
3.903281519861830917e-01
3.920552677029360833e-01
3.955094991364421220e-01
4.041450777202072464e-01
4.075993091537132851e-01
4.145077720207253624e-01
4.196891191709844482e-01
4.214162348877374953e-01
4.214162348877374953e-01
4.317789291882556113e-01
4.352331606217616500e-01
4.386873920552676887e-01
4.490500863557858602e-01
4.490500863557858602e-01
4.507772020725388518e-01
4.525043177892918989e-01
4.611398963730569678e-01
4.645941278065630620e-01
4.697754749568220922e-01
4.835924006908463024e-01
4.887737478411053327e-01
4.905008635578583798e-01
4.939550949913644184e-01
4.939550949913644184e-01
5.008635578583765513e-01
5.043177892918825345e-01
5.077720207253886286e-01
5.146804835924007060e-01
5.181347150259066892e-01
5.198618307426597918e-01
5.233160621761657749e-01
5.250431778929188775e-01
5.423143350604490154e-01
5.492227979274610927e-01
5.595854922279792643e-01
5.699481865284974358e-01
5.734024179620034189e-01
5.751295336787565216e-01
5.837651122625215905e-01
5.872193436960276847e-01
5.906735751295336678e-01
5.924006908462866594e-01
5.993091537132987368e-01
6.217616580310880714e-01
6.217616580310880714e-01
6.407599309153713119e-01
6.407599309153713119e-01
6.442141623488774060e-01
6.493955094991364918e-01
6.511226252158894834e-01
6.545768566493954665e-01
6.597582037996545523e-01
6.632124352331606465e-01
6.666666666666666297e-01
6.718480138169257154e-01
6.718480138169257154e-01
6.873920552677029727e-01
6.925734024179620585e-01
6.994818652849741358e-01
7.063903281519862132e-01
7.063903281519862132e-01
7.115716753022452989e-01
7.271157167530224452e-01
7.478411053540586773e-01
7.530224525043177630e-01
7.547495682210708656e-01
7.599309153713298404e-01
7.685664939550950203e-01
7.754749568221070977e-01
7.962003454231433297e-01
7.962003454231433297e-01
8.031088082901554071e-01
8.082901554404144928e-01
8.100172711571674844e-01
8.134715025906735786e-01
8.221070811744386475e-01
8.221070811744386475e-01
8.393782383419688964e-01
8.428324697754749906e-01
8.652849740932642142e-01
8.687392055267703084e-01
8.739205526770293941e-01
8.808290155440414715e-01
9.050086355785837977e-01
9.084628670120897809e-01
9.101899827288428835e-01
9.205526770293609440e-01
9.343696027633850987e-01
9.378238341968911929e-01
9.447322970639032702e-01
9.481865284974093644e-01
9.499136442141623560e-01
9.533678756476683391e-01
9.654576856649395022e-01
9.689119170984455964e-01
1.000000000000000000e+00
