5.000000000000000000e-01
5.004321521175453258e-01
5.008650519031141446e-01
5.012987012987012436e-01
5.017331022530329143e-01
5.021682567215958182e-01
5.026041666666666297e-01
5.030408340573414572e-01
5.034782608695652639e-01
5.039164490861618440e-01
5.043554006968641312e-01
5.047951176983435095e-01
5.052356020942407877e-01
5.056768558951965087e-01
5.061188811188811476e-01
5.065616797900261981e-01
5.070052539404553693e-01
5.074496056091147844e-01
5.078947368421052877e-01
5.087873462214411724e-01
5.092348284960421800e-01
5.096830985915492551e-01
5.101321585903083600e-01
5.105820105820105814e-01
5.110326566637246604e-01
5.114840989399292992e-01
5.119363395225464686e-01
5.128432240921169116e-01
5.132978723404255650e-01
5.142095914742451646e-01
5.146666666666667167e-01
5.151245551601423278e-01
5.155832591273374899e-01
5.160427807486630547e-01
5.169642857142857650e-01
5.174262734584450518e-01
5.178890876565295232e-01
5.183527305282005226e-01
5.188172043010752521e-01
5.192825112107622987e-01
5.197486535008977171e-01
5.202156334231805568e-01
5.206834532374100544e-01
5.220919747520288423e-01
5.235081374321880476e-01
5.239819004524887136e-01
5.249320036264732980e-01
5.254083484573502938e-01
5.258855585831062607e-01
5.263636363636363669e-01
5.268425841674249099e-01
5.273224043715847298e-01
5.278030993618960665e-01
5.282846715328467502e-01
5.287671232876712812e-01
5.292504570383912421e-01
5.297346752058554875e-01
5.302197802197802234e-01
5.307057745187900855e-01
5.311926605504586618e-01
5.316804407713499048e-01
5.336405529953917037e-01
5.341328413284133214e-01
5.346260387811634374e-01
5.351201478743068396e-01
5.361111111111110938e-01
5.366079703429100789e-01
5.371057513914656578e-01
5.376044568245125221e-01
5.381040892193308389e-01
5.386046511627906597e-01
5.391061452513966623e-01
5.396085740913326712e-01
5.401119402985075091e-01
5.406162464985994065e-01
5.411214953271028527e-01
5.416276894293732269e-01
5.421348314606742047e-01
5.426429240862230552e-01
5.436619718309859683e-01
5.441729323308270860e-01
5.446848541862653326e-01
5.451977401129943779e-01
5.457115928369462576e-01
5.462264150943396679e-01
5.467422096317280378e-01
5.472589792060491565e-01
5.477767265846735789e-01
5.482954545454545858e-01
5.488151658767772556e-01
5.483870967741935054e-01
5.489078822412155612e-01
5.494296577946767846e-01
5.499524262607040637e-01
5.504761904761904523e-01
5.510009532888465733e-01
5.520534861509073243e-01
5.525812619502867840e-01
5.541706615532119296e-01
5.552353506243996595e-01
5.563041385948026551e-01
5.558766859344893563e-01
5.564127290260366676e-01
5.569498069498070025e-01
5.574879227053139985e-01
5.580270793036750110e-01
5.585672797676669576e-01
5.591085271317829397e-01
5.596508244422890854e-01
5.601941747572815045e-01
5.607385811467444636e-01
5.612840466926070082e-01
5.618305744888023590e-01
5.623781676413255326e-01
5.645792563600783298e-01
5.651322233104799642e-01
5.656862745098039102e-01
5.662414131501471992e-01
5.667976424361492738e-01
5.673549655850540496e-01
5.690335305719921299e-01
5.695952615992102563e-01
5.712871287128712394e-01
5.718533201189296422e-01
5.724206349206348854e-01
5.729890764647467272e-01
5.735586481113320589e-01
5.741293532338308525e-01
5.747011952191235507e-01
5.752741774675972364e-01
5.758483033932135786e-01
5.764235764235764448e-01
5.769999999999999574e-01
5.775775775775775500e-01
5.781563126252504681e-01
5.834175935288169468e-01
5.840080971659918907e-01
5.845997973657548474e-01
5.851926977687627041e-01
5.847715736040609569e-01
5.853658536585365502e-01
5.859613428280773251e-01
5.865580448065172980e-01
5.871559633027523262e-01
5.895598771750255596e-01
5.913757700205338752e-01
5.919835560123329898e-01
5.925925925925925597e-01
5.932028836251287407e-01
5.938144329896907214e-01
5.944272445820433237e-01
5.950413223140496033e-01
5.956566701137538944e-01
5.962732919254658537e-01
5.968911917098445041e-01
5.964730290456431439e-01
5.983350676378772492e-01
5.989583333333333703e-01
5.995828988529718906e-01
6.008359456635318230e-01
6.014644351464435434e-01
6.020942408376963595e-01
6.027253668763102867e-01
6.039915966386554258e-01
6.046267087276551155e-01
6.065400843881856296e-01
6.071805702217528689e-01
6.078224101479915431e-01
6.074074074074073959e-01
6.080508474576271638e-01
6.086956521739130821e-01
6.093418259023354322e-01
6.099893730074389397e-01
6.106382978723404742e-01
6.112886048988285248e-01
6.119402985074626766e-01
6.125933831376734195e-01
6.132478632478632896e-01
6.139037433155080103e-01
6.145610278372590773e-01
6.141479099678456288e-01
6.148068669527897434e-01
6.154672395273899088e-01
6.161290322580644796e-01
6.167922497308934160e-01
6.174568965517240882e-01
6.181229773462783017e-01
6.187904967602592121e-01
6.194594594594594605e-01
6.201298701298700866e-01
6.208017334777897744e-01
6.214750542299348757e-01
6.221498371335505428e-01
6.228260869565217517e-01
6.255458515283842669e-01
6.262295081967212962e-01
6.276013143483023526e-01
6.282894736842105088e-01
6.289791437980241096e-01
6.324503311258278249e-01
6.331491712707182362e-01
6.345514950166113444e-01
6.352549889135254979e-01
6.359600443951165527e-01
6.366666666666667140e-01
6.373748609566184387e-01
6.380846325167037758e-01
6.387959866220735972e-01
6.426966292134831393e-01
6.434195725534308519e-01
6.441441441441441151e-01
6.448703494926719682e-01
6.455981941309255623e-01
6.492622020431327856e-01
6.529680365296803846e-01
6.537142857142856922e-01
6.552119129438717104e-01
6.559633027522935311e-01
6.570771001150748081e-01
6.601156069364161327e-01
6.608796296296296502e-01
6.616454229432213729e-01
6.631823461091753691e-01
6.639534883720930036e-01
6.647264260768335209e-01
6.655011655011654481e-01
6.662777129521586517e-01
6.654970760233918092e-01
6.670574443141852328e-01
6.678403755868544955e-01
6.702002355712602943e-01
6.758045292014303040e-01
6.766109785202863991e-01
6.774193548387096309e-01
6.782296650717702935e-01
6.798561151079136611e-01
6.806722689075630495e-01
6.814903846153845812e-01
6.823104693140794597e-01
6.831325301204819178e-01
6.839565741857659420e-01
6.844014510278113583e-01
6.852300242130751062e-01
6.848484848484848175e-01
6.844660194174757573e-01
6.894865525672371209e-01
6.903304773561811380e-01
6.911764705882352811e-01
6.928746928746928324e-01
6.937269372693727343e-01
6.945812807881773798e-01
6.954377311960542318e-01
6.962962962962963021e-01
6.971569839307787397e-01
6.980198019801979736e-01
6.976456009913258871e-01
6.985111662531017229e-01
7.011207970112079968e-01
7.019950124688278947e-01
7.028714107365793273e-01
7.037499999999999867e-01
7.046307884856070070e-01
7.063989962358845354e-01
7.072864321608040017e-01
7.081761006289307714e-01
7.090680100755667459e-01
7.099621689785624579e-01
7.108585858585858563e-01
7.126582278481012889e-01
7.135614702154625677e-01
7.131979695431471811e-01
7.137404580152671985e-01
7.146496815286623727e-01
7.148337595907928721e-01
7.175866495507060572e-01
7.185089974293059623e-01
7.194337194337194763e-01
7.203608247422680355e-01
7.212903225806451823e-01
7.222222222222222099e-01
7.231565329883570259e-01
7.240932642487046822e-01
7.237354085603112663e-01
7.246753246753246946e-01
7.256176853055916753e-01
7.265625000000000000e-01
7.275097783572359589e-01
7.284595300261096362e-01
7.294117647058823151e-01
7.303664921465968796e-01
7.313237221494102158e-01
7.322834645669291653e-01
7.319316688567674145e-01
7.315789473684211064e-01
7.325428194993411912e-01
7.321899736147757798e-01
7.331571994715984086e-01
7.341269841269840724e-01
7.350993377483443503e-01
7.347480106100795494e-01
7.343957503320053259e-01
7.350199733688415060e-01
7.359999999999999876e-01
7.369826435246995544e-01
7.379679144385026257e-01
7.389558232931726645e-01
7.386058981233244447e-01
7.395973154362416313e-01
7.405913978494623739e-01
7.402422611036338918e-01
7.408906882591093090e-01
7.418918918918918637e-01
7.415426251691474846e-01
7.411924119241192210e-01
7.421981004070555832e-01
7.432065217391304879e-01
7.428571428571428825e-01
7.425068119891008456e-01
7.435197817189631575e-01
7.445355191256830540e-01
7.455540355677154896e-01
7.465753424657534110e-01
7.462277091906721616e-01
7.510373443983402453e-01
7.503467406380027738e-01
7.500000000000000000e-01
7.496522948539637854e-01
7.506963788300835549e-01
7.503486750348674628e-01
7.513966480446927498e-01
7.510489510489510856e-01
7.517531556802243831e-01
7.528089887640448952e-01
7.538677918424754321e-01
7.535211267605633756e-01
7.531734837799718418e-01
7.542372881355932090e-01
7.553041018387552930e-01
7.563739376770538536e-01
7.560283687943262221e-01
7.571022727272727071e-01
7.578347578347578439e-01
7.589158345221113100e-01
7.585714285714285632e-01
7.596566523605150500e-01
7.607449856733524696e-01
7.604017216642754429e-01
7.614942528735632044e-01
7.611510791366906670e-01
7.619047619047618625e-01
7.626628075253256700e-01
7.634252539912916857e-01
7.630813953488372325e-01
7.641921397379912717e-01
7.653061224489795533e-01
7.649635036496350571e-01
7.642752562225475499e-01
7.639296187683284334e-01
7.650513950073420943e-01
7.647058823529411242e-01
7.658321060382916601e-01
7.669616519174041747e-01
7.677514792899408080e-01
7.688888888888888440e-01
7.700296735905044487e-01
7.708333333333333703e-01
7.719821162444113760e-01
7.716417910447761486e-01
7.727952167414050555e-01
7.739520958083832003e-01
7.751124437781109489e-01
7.747747747747747438e-01
7.759398496240601517e-01
7.756024096385542022e-01
7.752639517345399911e-01
7.749244712990936979e-01
7.745839636913767201e-01
7.738998482549317437e-01
7.750759878419453131e-01
7.747336377473363900e-01
7.748851454823889595e-01
7.745398773006134663e-01
7.757296466973886417e-01
7.769230769230769384e-01
7.781201848998459125e-01
7.793209876543210068e-01
7.805255023183925722e-01
7.801857585139319040e-01
7.813953488372092915e-01
7.838258164852255350e-01
7.847113884555382279e-01
7.843750000000000444e-01
7.840375586854460010e-01
7.836990595611285082e-01
7.849293563579278210e-01
7.845911949685534514e-01
7.858267716535433101e-01
7.854889589905362790e-01
7.885532591414944337e-01
7.882165605095541316e-01
7.878787878787878451e-01
7.875399361022363820e-01
7.872000000000000108e-01
7.868589743589743390e-01
7.865168539325843033e-01
7.890499194847020448e-01
7.887096774193548265e-01
7.883683360258481043e-01
7.873376623376623362e-01
7.869918699186991828e-01
7.882736156351791701e-01
7.875816993464052063e-01
7.888707037643207798e-01
7.881773399014778692e-01
7.871287128712871617e-01
7.864238410596026130e-01
7.860696517412935069e-01
7.857142857142856984e-01
7.852348993288590373e-01
7.861952861952862248e-01
7.847457627118643586e-01
7.843803056027164322e-01
7.840136054421769085e-01
7.836456558773424730e-01
7.832764505119453879e-01
7.829059829059829001e-01
7.838765008576329407e-01
7.820069204152249043e-01
7.816291161178509084e-01
7.822299651567944379e-01
7.835951134380453320e-01
7.855887521968365483e-01
7.869718309859154992e-01
7.862190812720848410e-01
7.876106194690265516e-01
7.894736842105263275e-01
7.890909090909090651e-01
7.887067395264116820e-01
7.883211678832117153e-01
7.897623400365630930e-01
7.889908256880734383e-01
7.904411764705882026e-01
7.900552486187845114e-01
7.922077922077922496e-01
7.906542056074766789e-01
7.902621722846442376e-01
7.924528301886792914e-01
7.920604914933837559e-01
7.908745247148288859e-01
7.904761904761904434e-01
7.900763358778626344e-01
7.915869980879540746e-01
7.934362934362934050e-01
7.930367504835590386e-01
7.918287937743190286e-01
7.910156250000000000e-01
7.928994082840237212e-01
7.979166666666667185e-01
7.974947807933193689e-01
7.970711297071130241e-01
7.966457023060796727e-01
8.021276595744680771e-01
8.012820512820513219e-01
7.974683544303797778e-01
7.932816537467700657e-01
7.927461139896373465e-01
7.900262467191601079e-01
7.894736842105263275e-01
7.904509283819628473e-01
7.898936170212765839e-01
7.893333333333333313e-01
7.887700534759358728e-01
7.943661971830986435e-01
7.937853107344632342e-01
7.982708933717579391e-01
7.976878612716763461e-01
7.971014492753623060e-01
7.988338192419824901e-01
8.005865102639295738e-01
8.047337278106508895e-01
8.041543026706231556e-01
8.035714285714286031e-01
8.029850746268656358e-01
8.135048231511253780e-01
8.129032258064515792e-01
8.098360655737705249e-01
8.118811881188119361e-01
8.106312292358803795e-01
8.131487889273356640e-01
8.125000000000000000e-01
8.065693430656933893e-01
8.058608058608058844e-01
8.074074074074074625e-01
8.066914498141264378e-01
8.059701492537313383e-01
8.120300751879698797e-01
8.113207547169811740e-01
8.100775193798449569e-01
8.093385214007782213e-01
8.085937500000000000e-01
8.078431372549019773e-01
8.070866141732283561e-01
8.080000000000000515e-01
8.112449799196786993e-01
8.104838709677418818e-01
8.137651821862348367e-01
8.130081300813007950e-01
8.155737704918032405e-01
8.111587982832617616e-01
8.138528138528138278e-01
8.122270742358078666e-01
8.114035087719297934e-01
8.105726872246695747e-01
8.097345132743363205e-01
8.133333333333333526e-01
8.125000000000000000e-01
8.116591928251121191e-01
8.108108108108108558e-01
8.099547511312217285e-01
8.090909090909090828e-01
8.073394495412844485e-01
8.064516129032257563e-01
8.101851851851852304e-01
8.093023255813953654e-01
8.084112149532710623e-01
8.104265402843602306e-01
8.142857142857142794e-01
8.181818181818182323e-01
8.221153846153845812e-01
8.203883495145630755e-01
8.235294117647058432e-01
8.226600985221674822e-01
8.267326732673266898e-01
8.258706467661691697e-01
8.274111675126903931e-01
8.265306122448979886e-01
8.247422680412370699e-01
8.333333333333333703e-01
8.324324324324324786e-01
8.397790055248618435e-01
8.388888888888889062e-01
8.379888268156424624e-01
8.361581920903954357e-01
8.409090909090909394e-01
8.399999999999999689e-01
8.390804597701149170e-01
8.381502890173410103e-01
8.372093023255814392e-01
8.362573099415204769e-01
8.352941176470588536e-01
8.343195266272189770e-01
8.392857142857143016e-01
8.443113772455089761e-01
8.433734939759036653e-01
8.424242424242424088e-01
8.404907975460123026e-01
8.456790123456789932e-01
8.447204968944099779e-01
8.437500000000000000e-01
8.427672955974843116e-01
8.417721518987342222e-01
8.407643312101911182e-01
8.397435897435897578e-01
8.376623376623376638e-01
8.366013071895425091e-01
8.355263157894736725e-01
8.257575757575758013e-01
8.244274809160305750e-01
8.217054263565891636e-01
8.225806451612903691e-01
8.211382113821138473e-01
8.196721311475410054e-01
8.264462809917355601e-01
8.249999999999999556e-01
8.235294117647058432e-01
8.230088495575220708e-01
8.214285714285713969e-01
8.198198198198197728e-01
8.181818181818182323e-01
8.148148148148147696e-01
8.130841121495326895e-01
8.113207547169811740e-01
8.076923076923077094e-01
8.058252427184465772e-01
8.039215686274510109e-01
8.019801980198020264e-01
8.100000000000000533e-01
8.163265306122449161e-01
8.144329896907216426e-01
8.105263157894736503e-01
8.085106382978722861e-01
8.064516129032257563e-01
8.152173913043477826e-01
8.131868131868131844e-01
8.111111111111111160e-01
8.202247191011236005e-01
8.181818181818182323e-01
8.160919540229885083e-01
8.139534883720930258e-01
8.095238095238095344e-01
8.192771084337349130e-01
8.170731707317072656e-01
8.125000000000000000e-01
8.101265822784810000e-01
8.076923076923077094e-01
8.181818181818182323e-01
8.157894736842105088e-01
8.108108108108108558e-01
8.082191780821917915e-01
8.055555555555555802e-01
8.028169014084507449e-01
8.142857142857142794e-01
8.115942028985507761e-01
8.088235294117647189e-01
8.208955223880597396e-01
8.333333333333333703e-01
8.307692307692308153e-01
8.281250000000000000e-01
8.253968253968253510e-01
8.225806451612903691e-01
8.166666666666666519e-01
8.135593220338983578e-01
8.275862068965517127e-01
8.245614035087719396e-01
8.214285714285713969e-01
8.181818181818182323e-01
8.148148148148147696e-01
8.113207547169811740e-01
8.269230769230768718e-01
8.399999999999999689e-01
8.367346938775510612e-01
8.333333333333333703e-01
8.297872340425531679e-01
8.260869565217391353e-01
8.222222222222221877e-01
8.181818181818182323e-01
8.372093023255814392e-01
8.333333333333333703e-01
8.292682926829267887e-01
8.249999999999999556e-01
8.157894736842105088e-01
8.108108108108108558e-01
8.055555555555555802e-01
8.000000000000000444e-01
8.235294117647058432e-01
8.000000000000000444e-01
7.931034482758620996e-01
7.857142857142856984e-01
8.148148148148147696e-01
8.076923076923077094e-01
8.333333333333333703e-01
8.260869565217391353e-01
8.181818181818182323e-01
8.095238095238095344e-01
8.333333333333333703e-01
8.235294117647058432e-01
8.000000000000000444e-01
7.857142857142856984e-01
7.692307692307692735e-01
8.333333333333333703e-01
8.181818181818182323e-01
8.000000000000000444e-01
1.000000000000000000e+00
1.000000000000000000e+00
1.000000000000000000e+00
1.000000000000000000e+00
1.000000000000000000e+00
1.000000000000000000e+00
