1.000000000000000000e+00
1.000000000000000000e+00
1.000000000000000000e+00
1.000000000000000000e+00
1.000000000000000000e+00
1.000000000000000000e+00
1.000000000000000000e+00
1.000000000000000000e+00
1.000000000000000000e+00
1.000000000000000000e+00
1.000000000000000000e+00
1.000000000000000000e+00
1.000000000000000000e+00
1.000000000000000000e+00
1.000000000000000000e+00
1.000000000000000000e+00
1.000000000000000000e+00
1.000000000000000000e+00
1.000000000000000000e+00
1.000000000000000000e+00
1.000000000000000000e+00
1.000000000000000000e+00
1.000000000000000000e+00
1.000000000000000000e+00
1.000000000000000000e+00
1.000000000000000000e+00
1.000000000000000000e+00
1.000000000000000000e+00
1.000000000000000000e+00
1.000000000000000000e+00
1.000000000000000000e+00
1.000000000000000000e+00
1.000000000000000000e+00
1.000000000000000000e+00
1.000000000000000000e+00
1.000000000000000000e+00
1.000000000000000000e+00
1.000000000000000000e+00
1.000000000000000000e+00
1.000000000000000000e+00
1.000000000000000000e+00
1.000000000000000000e+00
1.000000000000000000e+00
1.000000000000000000e+00
1.000000000000000000e+00
1.000000000000000000e+00
1.000000000000000000e+00
1.000000000000000000e+00
1.000000000000000000e+00
1.000000000000000000e+00
1.000000000000000000e+00
1.000000000000000000e+00
1.000000000000000000e+00
1.000000000000000000e+00
1.000000000000000000e+00
1.000000000000000000e+00
1.000000000000000000e+00
1.000000000000000000e+00
1.000000000000000000e+00
1.000000000000000000e+00
1.000000000000000000e+00
1.000000000000000000e+00
1.000000000000000000e+00
1.000000000000000000e+00
1.000000000000000000e+00
1.000000000000000000e+00
1.000000000000000000e+00
1.000000000000000000e+00
1.000000000000000000e+00
1.000000000000000000e+00
1.000000000000000000e+00
1.000000000000000000e+00
1.000000000000000000e+00
1.000000000000000000e+00
1.000000000000000000e+00
1.000000000000000000e+00
1.000000000000000000e+00
1.000000000000000000e+00
1.000000000000000000e+00
1.000000000000000000e+00
1.000000000000000000e+00
1.000000000000000000e+00
1.000000000000000000e+00
1.000000000000000000e+00
1.000000000000000000e+00
1.000000000000000000e+00
1.000000000000000000e+00
1.000000000000000000e+00
1.000000000000000000e+00
1.000000000000000000e+00
9.982728842832470084e-01
9.982728842832470084e-01
9.982728842832470084e-01
9.982728842832470084e-01
9.982728842832470084e-01
9.982728842832470084e-01
9.982728842832470084e-01
9.982728842832470084e-01
9.982728842832470084e-01
9.982728842832470084e-01
9.982728842832470084e-01
9.965457685664939058e-01
9.965457685664939058e-01
9.965457685664939058e-01
9.965457685664939058e-01
9.965457685664939058e-01
9.965457685664939058e-01
9.965457685664939058e-01
9.965457685664939058e-01
9.965457685664939058e-01
9.965457685664939058e-01
9.965457685664939058e-01
9.965457685664939058e-01
9.965457685664939058e-01
9.965457685664939058e-01
9.965457685664939058e-01
9.965457685664939058e-01
9.965457685664939058e-01
9.965457685664939058e-01
9.965457685664939058e-01
9.965457685664939058e-01
9.965457685664939058e-01
9.965457685664939058e-01
9.965457685664939058e-01
9.965457685664939058e-01
9.965457685664939058e-01
9.965457685664939058e-01
9.965457685664939058e-01
9.965457685664939058e-01
9.965457685664939058e-01
9.965457685664939058e-01
9.965457685664939058e-01
9.965457685664939058e-01
9.965457685664939058e-01
9.965457685664939058e-01
9.965457685664939058e-01
9.965457685664939058e-01
9.965457685664939058e-01
9.965457685664939058e-01
9.948186528497409142e-01
9.948186528497409142e-01
9.948186528497409142e-01
9.948186528497409142e-01
9.948186528497409142e-01
9.948186528497409142e-01
9.948186528497409142e-01
9.948186528497409142e-01
9.948186528497409142e-01
9.948186528497409142e-01
9.948186528497409142e-01
9.948186528497409142e-01
9.948186528497409142e-01
9.948186528497409142e-01
9.948186528497409142e-01
9.948186528497409142e-01
9.930915371329879227e-01
9.930915371329879227e-01
9.930915371329879227e-01
9.930915371329879227e-01
9.930915371329879227e-01
9.930915371329879227e-01
9.930915371329879227e-01
9.930915371329879227e-01
9.930915371329879227e-01
9.930915371329879227e-01
9.930915371329879227e-01
9.930915371329879227e-01
9.930915371329879227e-01
9.913644214162349311e-01
9.913644214162349311e-01
9.913644214162349311e-01
9.913644214162349311e-01
9.913644214162349311e-01
9.913644214162349311e-01
9.913644214162349311e-01
9.913644214162349311e-01
9.913644214162349311e-01
9.913644214162349311e-01
9.913644214162349311e-01
9.913644214162349311e-01
9.896373056994818285e-01
9.896373056994818285e-01
9.896373056994818285e-01
9.896373056994818285e-01
9.896373056994818285e-01
9.896373056994818285e-01
9.896373056994818285e-01
9.896373056994818285e-01
9.896373056994818285e-01
9.896373056994818285e-01
9.896373056994818285e-01
9.896373056994818285e-01
9.896373056994818285e-01
9.896373056994818285e-01
9.896373056994818285e-01
9.896373056994818285e-01
9.896373056994818285e-01
9.896373056994818285e-01
9.896373056994818285e-01
9.896373056994818285e-01
9.896373056994818285e-01
9.896373056994818285e-01
9.896373056994818285e-01
9.896373056994818285e-01
9.896373056994818285e-01
9.896373056994818285e-01
9.896373056994818285e-01
9.896373056994818285e-01
9.879101899827288369e-01
9.879101899827288369e-01
9.879101899827288369e-01
9.879101899827288369e-01
9.879101899827288369e-01
9.879101899827288369e-01
9.879101899827288369e-01
9.879101899827288369e-01
9.879101899827288369e-01
9.879101899827288369e-01
9.861830742659758453e-01
9.861830742659758453e-01
9.861830742659758453e-01
9.861830742659758453e-01
9.861830742659758453e-01
9.861830742659758453e-01
9.861830742659758453e-01
9.861830742659758453e-01
9.861830742659758453e-01
9.827288428324697511e-01
9.827288428324697511e-01
9.827288428324697511e-01
9.827288428324697511e-01
9.792746113989637680e-01
9.792746113989637680e-01
9.792746113989637680e-01
9.792746113989637680e-01
9.792746113989637680e-01
9.792746113989637680e-01
9.792746113989637680e-01
9.792746113989637680e-01
9.792746113989637680e-01
9.792746113989637680e-01
9.775474956822106654e-01
9.775474956822106654e-01
9.758203799654576738e-01
9.740932642487046822e-01
9.740932642487046822e-01
9.740932642487046822e-01
9.740932642487046822e-01
9.740932642487046822e-01
9.740932642487046822e-01
9.740932642487046822e-01
9.740932642487046822e-01
9.740932642487046822e-01
9.740932642487046822e-01
9.740932642487046822e-01
9.723661485319516906e-01
9.723661485319516906e-01
9.723661485319516906e-01
9.723661485319516906e-01
9.723661485319516906e-01
9.723661485319516906e-01
9.723661485319516906e-01
9.723661485319516906e-01
9.723661485319516906e-01
9.723661485319516906e-01
9.723661485319516906e-01
9.723661485319516906e-01
9.723661485319516906e-01
9.723661485319516906e-01
9.723661485319516906e-01
9.706390328151985880e-01
9.689119170984455964e-01
9.689119170984455964e-01
9.654576856649395022e-01
9.654576856649395022e-01
9.654576856649395022e-01
9.654576856649395022e-01
9.654576856649395022e-01
9.654576856649395022e-01
9.654576856649395022e-01
9.654576856649395022e-01
9.654576856649395022e-01
9.637305699481865107e-01
9.637305699481865107e-01
9.637305699481865107e-01
9.637305699481865107e-01
9.637305699481865107e-01
9.637305699481865107e-01
9.637305699481865107e-01
9.637305699481865107e-01
9.637305699481865107e-01
9.637305699481865107e-01
9.620034542314335191e-01
9.602763385146805275e-01
9.602763385146805275e-01
9.585492227979274249e-01
9.585492227979274249e-01
9.585492227979274249e-01
9.585492227979274249e-01
9.568221070811744333e-01
9.550949913644214417e-01
9.533678756476683391e-01
9.533678756476683391e-01
9.533678756476683391e-01
9.533678756476683391e-01
9.533678756476683391e-01
9.516407599309153476e-01
9.516407599309153476e-01
9.516407599309153476e-01
9.499136442141623560e-01
9.481865284974093644e-01
9.481865284974093644e-01
9.464594127806562618e-01
9.447322970639032702e-01
9.447322970639032702e-01
9.447322970639032702e-01
9.430051813471502786e-01
9.412780656303972870e-01
9.412780656303972870e-01
9.412780656303972870e-01
9.412780656303972870e-01
9.412780656303972870e-01
9.395509499136441844e-01
9.378238341968911929e-01
9.343696027633850987e-01
9.326424870466321071e-01
9.309153713298791155e-01
9.309153713298791155e-01
9.291882556131261239e-01
9.291882556131261239e-01
9.274611398963730213e-01
9.257340241796200297e-01
9.257340241796200297e-01
9.257340241796200297e-01
9.240069084628670382e-01
9.222797927461139356e-01
9.222797927461139356e-01
9.222797927461139356e-01
9.222797927461139356e-01
9.205526770293609440e-01
9.205526770293609440e-01
9.188255613126079524e-01
9.188255613126079524e-01
9.170984455958549608e-01
9.170984455958549608e-01
9.170984455958549608e-01
9.153713298791018582e-01
9.153713298791018582e-01
9.136442141623488666e-01
9.119170984455958751e-01
9.101899827288428835e-01
9.084628670120897809e-01
9.067357512953367893e-01
9.067357512953367893e-01
9.067357512953367893e-01
9.050086355785837977e-01
9.015544041450777035e-01
8.998272884283247119e-01
8.998272884283247119e-01
8.981001727115717204e-01
8.981001727115717204e-01
8.981001727115717204e-01
8.963730569948186178e-01
8.963730569948186178e-01
8.963730569948186178e-01
8.946459412780656262e-01
8.946459412780656262e-01
8.929188255613126346e-01
8.929188255613126346e-01
8.929188255613126346e-01
8.929188255613126346e-01
8.911917098445595320e-01
8.911917098445595320e-01
8.894645941278065404e-01
8.877374784110535488e-01
8.860103626943005573e-01
8.842832469775474546e-01
8.808290155440414715e-01
8.808290155440414715e-01
8.791018998272884799e-01
8.739205526770293941e-01
8.721934369602762915e-01
8.721934369602762915e-01
8.721934369602762915e-01
8.721934369602762915e-01
8.721934369602762915e-01
8.721934369602762915e-01
8.704663212435233000e-01
8.704663212435233000e-01
8.704663212435233000e-01
8.687392055267703084e-01
8.670120898100173168e-01
8.652849740932642142e-01
8.635578583765112226e-01
8.635578583765112226e-01
8.618307426597582310e-01
8.618307426597582310e-01
8.601036269430051284e-01
8.566493955094991453e-01
8.549222797927461537e-01
8.531951640759930511e-01
8.514680483592400595e-01
8.497409326424870679e-01
8.480138169257340763e-01
8.462867012089809737e-01
8.462867012089809737e-01
8.445595854922279822e-01
8.428324697754749906e-01
8.376511226252159048e-01
8.359240069084629132e-01
8.359240069084629132e-01
8.324697754749568190e-01
8.324697754749568190e-01
8.290155440414507249e-01
8.238341968911917501e-01
8.203799654576856559e-01
8.186528497409326643e-01
8.169257340241796728e-01
8.082901554404144928e-01
8.065630397236615012e-01
7.996545768566494239e-01
7.979274611398963213e-01
7.962003454231433297e-01
7.944732297063903381e-01
7.927461139896373465e-01
7.910189982728842439e-01
7.892918825561312524e-01
7.806563039723661834e-01
7.789291882556130808e-01
7.754749568221070977e-01
7.754749568221070977e-01
7.720207253886010035e-01
7.720207253886010035e-01
7.685664939550950203e-01
7.685664939550950203e-01
7.512953367875647714e-01
7.495682210708117799e-01
7.478411053540586773e-01
7.461139896373056857e-01
7.461139896373056857e-01
7.426597582037997025e-01
7.426597582037997025e-01
7.409326424870465999e-01
7.374784110535406167e-01
7.305699481865285394e-01
7.288428324697754368e-01
7.253886010362694536e-01
7.236614853195164621e-01
7.184801381692573763e-01
7.167530224525042737e-01
7.150259067357512821e-01
7.150259067357512821e-01
7.098445595854921963e-01
7.081174438687392048e-01
7.029360967184801190e-01
6.994818652849741358e-01
6.943005181347150501e-01
6.614853195164075439e-01
6.597582037996545523e-01
6.580310880829015607e-01
6.563039723661485692e-01
6.511226252158894834e-01
6.476683937823833892e-01
5.440414507772021180e-01
5.302245250431778523e-01
5.284974093264248607e-01
5.198618307426597918e-01
5.181347150259066892e-01
5.146804835924007060e-01
5.129533678756477144e-01
5.112262521588946118e-01
5.094991364421416202e-01
4.870466321243523411e-01
4.853195164075992940e-01
4.784110535405872167e-01
4.766839378238341696e-01
4.749568221070811780e-01
4.732297063903281309e-01
4.715025906735751393e-01
4.697754749568220922e-01
4.680483592400691006e-01
4.663212435233160535e-01
4.645941278065630620e-01
4.369602763385146971e-01
4.352331606217616500e-01
4.265975820379965255e-01
4.248704663212435340e-01
4.214162348877374953e-01
4.058721934369602935e-01
4.041450777202072464e-01
3.816925734024179673e-01
3.799654576856649202e-01
3.765112262521588815e-01
3.747841105354058899e-01
3.730569948186528428e-01
3.730569948186528428e-01
3.713298791018998513e-01
3.609671848013816797e-01
3.592400690846286881e-01
3.575129533678756411e-01
3.557858376511226495e-01
3.540587219343696024e-01
3.488773747841105166e-01
3.488773747841105166e-01
3.471502590673575250e-01
3.471502590673575250e-01
3.454231433506044779e-01
3.436960276338514864e-01
3.264248704663212375e-01
3.246977547495682459e-01
3.212435233160621517e-01
3.195164075993091601e-01
3.177892918825561130e-01
3.160621761658031215e-01
3.160621761658031215e-01
3.143350604490500744e-01
3.126079447322970828e-01
3.108808290155440357e-01
3.091537132987910441e-01
3.074265975820379970e-01
3.039723661485319584e-01
3.022452504317789113e-01
3.022452504317789113e-01
3.005181347150259197e-01
2.987910189982728726e-01
2.953367875647668339e-01
2.953367875647668339e-01
2.953367875647668339e-01
2.953367875647668339e-01
2.918825561312607952e-01
2.901554404145077481e-01
2.884283246977547566e-01
2.884283246977547566e-01
2.867012089810017095e-01
2.815198618307426792e-01
2.797927461139896321e-01
2.763385146804835935e-01
2.677029360967184690e-01
2.659758203799654774e-01
2.625215889464594388e-01
2.607944732297063917e-01
2.590673575129533446e-01
2.556131260794473059e-01
2.556131260794473059e-01
2.538860103626943143e-01
2.521588946459412672e-01
2.504317789291882757e-01
2.487046632124352286e-01
2.469775474956822092e-01
2.452504317789291899e-01
2.435233160621761705e-01
2.435233160621761705e-01
2.435233160621761705e-01
2.417962003454231512e-01
2.400690846286701319e-01
2.366148531951640654e-01
2.366148531951640654e-01
2.348877374784110461e-01
2.331606217616580268e-01
2.314335060449050074e-01
2.297063903281519881e-01
2.279792746113989688e-01
2.262521588946459494e-01
2.227979274611398830e-01
2.210708117443868637e-01
2.193436960276338443e-01
1.882556131260794408e-01
1.865284974093264214e-01
1.830742659758203827e-01
1.761658031088082776e-01
1.744386873920552583e-01
1.727115716753022390e-01
1.727115716753022390e-01
1.709844559585492196e-01
1.692573402417962003e-01
1.606217616580310759e-01
1.588946459412780565e-01
1.571675302245250372e-01
1.554404145077720178e-01
1.519861830742659792e-01
1.502590673575129598e-01
1.485319516407599405e-01
1.450777202072538741e-01
1.433506044905008547e-01
1.416234887737478354e-01
1.398963730569948161e-01
1.398963730569948161e-01
1.381692573402417967e-01
1.364421416234887774e-01
1.329879101899827387e-01
1.312607944732297194e-01
1.295336787564766723e-01
1.295336787564766723e-01
1.278065630397236530e-01
1.260794473229706336e-01
1.260794473229706336e-01
1.243523316062176143e-01
1.226252158894645949e-01
1.208981001727115756e-01
1.174438687392055231e-01
1.174438687392055231e-01
1.157167530224525037e-01
1.122625215889464650e-01
1.105354058721934318e-01
1.088082901554404125e-01
1.088082901554404125e-01
1.070811744386873932e-01
1.036269430051813406e-01
1.018998272884283213e-01
1.001727115716753019e-01
9.844559585492228260e-02
9.844559585492228260e-02
9.671848013816926326e-02
9.499136442141623005e-02
9.499136442141623005e-02
9.499136442141623005e-02
9.326424870466321071e-02
9.153713298791019137e-02
8.981001727115717204e-02
8.808290155440413882e-02
8.462867012089810015e-02
8.290155440414508081e-02
8.290155440414508081e-02
8.117443868739206148e-02
7.944732297063902826e-02
7.772020725388600892e-02
7.599309153713298959e-02
7.426597582037997025e-02
7.426597582037997025e-02
7.253886010362693704e-02
7.081174438687391770e-02
6.908462867012089836e-02
6.735751295336787903e-02
6.563039723661485969e-02
6.390328151986182648e-02
6.217616580310880714e-02
6.217616580310880714e-02
6.044905008635578780e-02
5.872193436960276153e-02
5.699481865284974219e-02
5.354058721934369658e-02
5.181347150259067030e-02
5.008635578583765097e-02
4.835924006908463163e-02
4.835924006908463163e-02
4.145077720207254041e-02
3.972366148531951413e-02
3.799654576856649479e-02
3.799654576856649479e-02
3.626943005181346852e-02
3.454231433506044918e-02
3.281519861830742985e-02
3.108808290155440357e-02
2.936096718480138076e-02
2.590673575129533515e-02
2.417962003454231582e-02
2.072538860103627020e-02
1.899827288428324740e-02
1.727115716753022459e-02
1.727115716753022459e-02
1.554404145077720178e-02
1.381692573402417898e-02
8.635578583765112295e-03
6.908462867012089489e-03
5.181347150259067551e-03
3.454231433506044745e-03
1.727115716753022372e-03
0.000000000000000000e+00
